times: [1.2711913585662842, 1.2647454738616943, 1.2799866199493408, 1.1995418071746826, 1.3464419841766357]
memory: [237040, 237400, 237392, 239136, 239528]
precision: [0.38671939418861373, 0.5096514117850056, 0.40690899316115914, 0.5396055854522984, 0.5712960064069992]
times: [2.9819869995117188, 2.894587516784668, 2.856226682662964, 2.9616243839263916, 2.875084400177002]
memory: [565404, 570280, 569920, 569424, 569740]
precision: [0.4314949157738847, 0.38172228398045666, 0.40690899316115914, 0.32074530015780905, 0.5291807233222438]
times: [2.77500581741333, 3.007096767425537, 2.845508575439453, 2.954521656036377, 2.809730052947998]
memory: [565796, 568992, 570632, 565900, 571124]
precision: [0.29716835101807176, 0.38172228398045666, 0.576515258352291, 0.233205382792934, 0.4870654402374884]
times: [2.821627616882324, 2.8227880001068115, 2.9503767490386963, 2.959402561187744, 2.8160202503204346]
memory: [570944, 569584, 568728, 570164, 570920]
precision: [0.6553725237002794, 0.424365326581973, 0.4493105594589233, 0.4958251348875785, 0.318604307898448]
times: [1.3876209259033203, 1.2683112621307373, 1.2564799785614014, 1.4306604862213135, 1.3168714046478271]
memory: [235984, 240276, 239616, 237132, 236076]
precision: [0.34194387260334275, 0.6375805395895735, 0.23730272796998958, 0.45206565895213185, 0.5291807233222438]
times: [1.2175986766815186, 1.3695828914642334, 1.2914066314697266, 1.42061448097229, 1.307220697402954]
memory: [239208, 239276, 238848, 239432, 240312]
precision: [0.4314949157738847, 0.25379315617588877, 0.40690899316115914, 0.5396055854522984, 0.3607195909832034]
comm: [13440056.0, 13440056.0, 13440056.0, 13440056.0, 13440056.0]
