KMeans Selected batch sequence:[10, 8, 12, 13, 0, 11, 3, 6, 1, 4, 2, 9, 14, 5, 7]
KMeans Accuracy sequence:[0.26566666666666666, 0.416, 0.5596666666666666, 0.5816666666666667, 0.5983333333333334, 0.6143333333333333, 0.6253333333333333, 0.648, 0.6676666666666666, 0.6726666666666666, 0.67, 0.679, 0.6816666666666666, 0.6883333333333334, 0.6843333333333333, 0.6966666666666667]
KMeans+Unc Selected batch sequence:[3, 0, 1, 9, 5, 11, 14, 12, 4, 2, 7, 13, 8, 10, 6]
KMeans+Unc Accuracy sequence:[0.26566666666666666, 0.5373333333333333, 0.5726666666666667, 0.581, 0.6086666666666667, 0.6193333333333333, 0.629, 0.6393333333333333, 0.6516666666666666, 0.6496666666666666, 0.67, 0.68, 0.6843333333333333, 0.6863333333333334, 0.6846666666666666, 0.6936666666666667]
SubMod Selected batch sequence:[14, 0, 6, 5, 7, 3, 1, 10, 8, 2, 12, 13, 9, 11, 4]
SubMod Accuracy sequence:[0.26566666666666666, 0.4686666666666667, 0.526, 0.568, 0.583, 0.6106666666666667, 0.6456666666666667, 0.657, 0.6673333333333333, 0.675, 0.683, 0.6873333333333334, 0.686, 0.691, 0.698, 0.7013333333333334]
Random Selected batch sequence:[10, 12, 13, 2, 11, 1, 14, 7, 5, 4, 3, 9, 0, 6, 8]
Random Accuracy sequence:[0.26566666666666666, 0.4166666666666667, 0.45466666666666666, 0.49066666666666664, 0.5853333333333334, 0.608, 0.6183333333333333, 0.638, 0.652, 0.6523333333333333, 0.6616666666666666, 0.6693333333333333, 0.6716666666666666, 0.6726666666666666, 0.678, 0.6836666666666666]
Entropy Selected batch sequence:[3, 8, 13, 10, 4, 11, 9, 14, 12, 1, 5, 0, 2, 6, 7]
Entropy Accuracy sequence:[0.26566666666666666, 0.544, 0.5923333333333334, 0.606, 0.6233333333333333, 0.64, 0.6563333333333333, 0.6563333333333333, 0.662, 0.6656666666666666, 0.6766666666666666, 0.675, 0.6743333333333333, 0.682, 0.6863333333333334, 0.6943333333333334]
CoreSet Selected batch sequence:[5, 0, 1, 11, 12, 10, 13, 6, 9, 7, 8, 14, 4, 3, 2]
CoreSet Accuracy sequence:[0.26566666666666666, 0.4176666666666667, 0.451, 0.4776666666666667, 0.5113333333333333, 0.5376666666666666, 0.5386666666666666, 0.5606666666666666, 0.594, 0.617, 0.6443333333333333, 0.6633333333333333, 0.6693333333333333, 0.6726666666666666, 0.693, 0.6946666666666667]
