KMeans Selected batch sequence:[1, 11, 3, 10, 6, 9, 7, 12, 13, 4, 8, 14, 5, 2, 0]
KMeans Accuracy sequence:[0.2966666666666667, 0.333, 0.3576666666666667, 0.37866666666666665, 0.39466666666666667, 0.301, 0.3923333333333333, 0.443, 0.47533333333333333, 0.4836666666666667, 0.49966666666666665, 0.5276666666666666, 0.5443333333333333, 0.5616666666666666, 0.5783333333333334, 0.591]
KMeans+Unc Selected batch sequence:[1, 6, 7, 5, 11, 10, 14, 4, 3, 2, 13, 8, 0, 9, 12]
KMeans+Unc Accuracy sequence:[0.2966666666666667, 0.3363333333333333, 0.21666666666666667, 0.35033333333333333, 0.43933333333333335, 0.4643333333333333, 0.4826666666666667, 0.5096666666666667, 0.5273333333333333, 0.5256666666666666, 0.5513333333333333, 0.5616666666666666, 0.577, 0.593, 0.6163333333333333, 0.6146666666666667]
SubMod Selected batch sequence:[5, 1, 10, 3, 6, 14, 9, 4, 13, 11, 7, 8, 0, 12, 2]
SubMod Accuracy sequence:[0.2966666666666667, 0.421, 0.461, 0.49066666666666664, 0.5056666666666667, 0.45, 0.48966666666666664, 0.532, 0.5373333333333333, 0.549, 0.5576666666666666, 0.574, 0.5923333333333334, 0.6056666666666667, 0.61, 0.622]
Random Selected batch sequence:[8, 9, 12, 10, 2, 14, 6, 11, 1, 13, 4, 0, 7, 5, 3]
Random Accuracy sequence:[0.2966666666666667, 0.37533333333333335, 0.44466666666666665, 0.5026666666666667, 0.5253333333333333, 0.5513333333333333, 0.577, 0.5686666666666667, 0.5716666666666667, 0.587, 0.5953333333333334, 0.6026666666666667, 0.609, 0.6203333333333333, 0.628, 0.6316666666666667]
Entropy Selected batch sequence:[11, 3, 1, 10, 4, 6, 12, 2, 9, 7, 8, 5, 13, 14, 0]
Entropy Accuracy sequence:[0.2966666666666667, 0.3263333333333333, 0.3606666666666667, 0.36733333333333335, 0.3873333333333333, 0.39366666666666666, 0.32266666666666666, 0.39, 0.44266666666666665, 0.47733333333333333, 0.5003333333333333, 0.524, 0.5506666666666666, 0.5566666666666666, 0.573, 0.5873333333333334]
CoreSet Selected batch sequence:[14, 9, 8, 7, 0, 2, 13, 5, 12, 6, 3, 10, 4, 1, 11]
CoreSet Accuracy sequence:[0.2966666666666667, 0.4096666666666667, 0.4583333333333333, 0.517, 0.5626666666666666, 0.587, 0.5993333333333334, 0.6153333333333333, 0.6226666666666667, 0.6276666666666667, 0.625, 0.6333333333333333, 0.6356666666666667, 0.64, 0.6416666666666667, 0.6483333333333333]
