KMeans Selected batch sequence:[19, 12, 1, 6, 14, 4, 20, 23, 2, 18, 3, 5, 11, 24, 15, 8, 16, 13, 9, 17, 22, 7, 0, 10, 21]
KMeans Accuracy sequence:[0.412, 0.5626666666666666, 0.67, 0.739, 0.77, 0.7826666666666666, 0.7976666666666666, 0.8063333333333333, 0.818, 0.83, 0.8413333333333334, 0.8513333333333334, 0.858, 0.8663333333333333, 0.8703333333333333, 0.8703333333333333, 0.8746666666666667, 0.8793333333333333, 0.8833333333333333, 0.885, 0.888, 0.8873333333333333, 0.8896666666666667, 0.8923333333333333, 0.8926666666666667, 0.898]
KMeans+Unc Selected batch sequence:[15, 8, 19, 6, 3, 14, 12, 4, 9, 1, 7, 5, 11, 24, 23, 21, 16, 13, 0, 17, 2, 22, 20, 18, 10]
KMeans+Unc Accuracy sequence:[0.412, 0.406, 0.607, 0.7033333333333334, 0.7496666666666667, 0.782, 0.7963333333333333, 0.8116666666666666, 0.8216666666666667, 0.8316666666666667, 0.848, 0.8536666666666667, 0.8613333333333333, 0.8683333333333333, 0.875, 0.8796666666666667, 0.88, 0.8826666666666667, 0.886, 0.8886666666666667, 0.891, 0.893, 0.8953333333333333, 0.895, 0.8983333333333333, 0.901]
SubMod Selected batch sequence:[13, 9, 19, 11, 17, 14, 1, 18, 10, 24, 22, 21, 23, 4, 2, 7, 6, 20, 8, 12, 15, 5, 16, 0, 3]
SubMod Accuracy sequence:[0.412, 0.406, 0.5976666666666667, 0.7266666666666667, 0.7686666666666667, 0.7836666666666666, 0.7976666666666666, 0.8093333333333333, 0.8233333333333334, 0.8333333333333334, 0.8466666666666667, 0.8513333333333334, 0.857, 0.864, 0.8686666666666667, 0.8733333333333333, 0.878, 0.8773333333333333, 0.8846666666666667, 0.8863333333333333, 0.8866666666666667, 0.8933333333333333, 0.8926666666666667, 0.8963333333333333, 0.899, 0.9006666666666666]
Random Selected batch sequence:[5, 1, 3, 4, 11, 7, 22, 18, 20, 10, 0, 13, 16, 19, 17, 14, 9, 15, 24, 23, 12, 2, 21, 6, 8]
Random Accuracy sequence:[0.412, 0.5266666666666666, 0.672, 0.7483333333333333, 0.78, 0.7933333333333333, 0.8046666666666666, 0.8136666666666666, 0.8196666666666667, 0.8303333333333334, 0.8416666666666667, 0.8486666666666667, 0.8596666666666667, 0.863, 0.8683333333333333, 0.8723333333333333, 0.8763333333333333, 0.88, 0.882, 0.8853333333333333, 0.8903333333333333, 0.895, 0.8963333333333333, 0.8973333333333333, 0.9006666666666666, 0.9006666666666666]
Entropy Selected batch sequence:[6, 1, 4, 19, 14, 8, 11, 12, 3, 20, 2, 18, 23, 24, 5, 9, 15, 16, 17, 13, 22, 7, 10, 0, 21]
Entropy Accuracy sequence:[0.412, 0.517, 0.6676666666666666, 0.716, 0.746, 0.771, 0.7923333333333333, 0.8023333333333333, 0.814, 0.8303333333333334, 0.843, 0.849, 0.8573333333333333, 0.8663333333333333, 0.8696666666666667, 0.874, 0.8756666666666667, 0.8776666666666667, 0.8803333333333333, 0.8826666666666667, 0.889, 0.8903333333333333, 0.8913333333333333, 0.896, 0.8963333333333333, 0.899]
CoreSet Selected batch sequence:[17, 3, 15, 1, 24, 19, 18, 11, 20, 8, 7, 5, 4, 2, 14, 21, 9, 13, 23, 0, 10, 12, 16, 22, 6]
CoreSet Accuracy sequence:[0.412, 0.517, 0.6863333333333334, 0.7386666666666667, 0.7726666666666666, 0.7893333333333333, 0.8083333333333333, 0.8146666666666667, 0.823, 0.8376666666666667, 0.849, 0.855, 0.8623333333333333, 0.8673333333333333, 0.8713333333333333, 0.874, 0.8776666666666667, 0.8836666666666667, 0.8876666666666667, 0.8886666666666667, 0.888, 0.8923333333333333, 0.8956666666666667, 0.8973333333333333, 0.8976666666666666, 0.901]
