KMeans Selected batch sequence:[11, 6, 3, 2, 5, 13, 14, 1, 9, 0, 4, 12, 10, 8, 7]
KMeans Accuracy sequence:[0.5893333333333334, 0.6896666666666667, 0.7633333333333333, 0.7876666666666666, 0.8136666666666666, 0.8316666666666667, 0.8513333333333334, 0.8566666666666667, 0.8656666666666667, 0.8733333333333333, 0.8773333333333333, 0.8833333333333333, 0.8836666666666667, 0.8876666666666667, 0.8883333333333333, 0.8903333333333333]
KMeans+Unc Selected batch sequence:[11, 6, 2, 3, 5, 8, 0, 9, 13, 10, 4, 14, 7, 1, 12]
KMeans+Unc Accuracy sequence:[0.5893333333333334, 0.6926666666666667, 0.7423333333333333, 0.783, 0.8093333333333333, 0.8326666666666667, 0.8413333333333334, 0.8486666666666667, 0.8556666666666667, 0.868, 0.8743333333333333, 0.8756666666666667, 0.8813333333333333, 0.8866666666666667, 0.8913333333333333, 0.895]
SubMod Selected batch sequence:[11, 9, 2, 6, 0, 3, 14, 10, 4, 13, 1, 8, 5, 7, 12]
SubMod Accuracy sequence:[0.5893333333333334, 0.6886666666666666, 0.761, 0.8026666666666666, 0.8156666666666667, 0.8213333333333334, 0.833, 0.849, 0.8556666666666667, 0.862, 0.879, 0.8823333333333333, 0.8783333333333333, 0.887, 0.8883333333333333, 0.8926666666666667]
Random Selected batch sequence:[4, 10, 11, 3, 14, 1, 5, 12, 0, 6, 9, 8, 2, 7, 13]
Random Accuracy sequence:[0.5893333333333334, 0.6803333333333333, 0.752, 0.7883333333333333, 0.8156666666666667, 0.8263333333333334, 0.8406666666666667, 0.8493333333333334, 0.8503333333333334, 0.8613333333333333, 0.8673333333333333, 0.8743333333333333, 0.8753333333333333, 0.8836666666666667, 0.8843333333333333, 0.8966666666666666]
Entropy Selected batch sequence:[6, 3, 9, 13, 2, 0, 4, 1, 11, 10, 5, 12, 14, 7, 8]
Entropy Accuracy sequence:[0.5893333333333334, 0.667, 0.7123333333333334, 0.7446666666666667, 0.7916666666666666, 0.8256666666666667, 0.835, 0.8466666666666667, 0.863, 0.8653333333333333, 0.865, 0.8766666666666667, 0.879, 0.884, 0.8863333333333333, 0.8903333333333333]
CoreSet Selected batch sequence:[13, 9, 8, 2, 1, 10, 11, 6, 12, 5, 4, 0, 14, 3, 7]
CoreSet Accuracy sequence:[0.5893333333333334, 0.696, 0.7546666666666667, 0.7786666666666666, 0.7983333333333333, 0.8133333333333334, 0.8246666666666667, 0.8356666666666667, 0.8386666666666667, 0.8486666666666667, 0.861, 0.865, 0.874, 0.8823333333333333, 0.886, 0.8886666666666667]
