KMeans Selected batch sequence:[0, 6, 2, 7, 3, 4, 5, 12, 11, 13, 10, 8, 14, 1, 9]
KMeans Accuracy sequence:[0.09366666666666666, 0.09366666666666666, 0.196, 0.19, 0.19333333333333333, 0.20433333333333334, 0.24533333333333332, 0.31266666666666665, 0.3466666666666667, 0.38866666666666666, 0.42733333333333334, 0.509, 0.5526666666666666, 0.594, 0.632, 0.6576666666666666]
KMeans+Unc Selected batch sequence:[0, 6, 14, 10, 2, 4, 3, 12, 5, 11, 13, 8, 7, 9, 1]
KMeans+Unc Accuracy sequence:[0.09366666666666666, 0.09366666666666666, 0.19633333333333333, 0.18833333333333332, 0.19366666666666665, 0.266, 0.3426666666666667, 0.38466666666666666, 0.423, 0.4563333333333333, 0.49233333333333335, 0.5306666666666666, 0.5916666666666667, 0.6263333333333333, 0.6463333333333333, 0.6723333333333333]
SubMod Selected batch sequence:[3, 6, 10, 7, 1, 14, 0, 4, 12, 5, 11, 13, 9, 8, 2]
SubMod Accuracy sequence:[0.09366666666666666, 0.09366666666666666, 0.19566666666666666, 0.19433333333333333, 0.195, 0.23466666666666666, 0.3416666666666667, 0.416, 0.475, 0.5213333333333333, 0.564, 0.592, 0.6096666666666667, 0.628, 0.6456666666666667, 0.6753333333333333]
Random Selected batch sequence:[7, 13, 0, 5, 9, 8, 14, 3, 11, 12, 10, 2, 1, 4, 6]
Random Accuracy sequence:[0.09366666666666666, 0.09933333333333333, 0.11733333333333333, 0.167, 0.17933333333333334, 0.19833333333333333, 0.227, 0.3486666666666667, 0.43166666666666664, 0.4673333333333333, 0.5026666666666667, 0.5646666666666667, 0.6106666666666667, 0.6366666666666667, 0.6673333333333333, 0.668]
Entropy Selected batch sequence:[3, 0, 5, 4, 11, 13, 12, 6, 7, 14, 2, 9, 1, 10, 8]
Entropy Accuracy sequence:[0.09366666666666666, 0.09366666666666666, 0.09366666666666666, 0.09366666666666666, 0.09433333333333334, 0.10533333333333333, 0.13233333333333333, 0.16933333333333334, 0.22366666666666668, 0.25366666666666665, 0.3466666666666667, 0.43033333333333335, 0.4716666666666667, 0.5136666666666667, 0.553, 0.5953333333333334]
CoreSet Selected batch sequence:[2, 8, 7, 1, 9, 10, 14, 6, 0, 13, 12, 11, 4, 5, 3]
CoreSet Accuracy sequence:[0.09366666666666666, 0.09366666666666666, 0.09566666666666666, 0.17566666666666667, 0.213, 0.2846666666666667, 0.407, 0.52, 0.575, 0.6263333333333333, 0.6586666666666666, 0.685, 0.711, 0.7223333333333334, 0.7413333333333333, 0.747]
