KMeans Selected batch sequence:[8, 7, 6, 10, 14, 1, 0, 2, 13, 5, 3, 4, 11, 12, 9]
KMeans Accuracy sequence:[0.30533333333333335, 0.402, 0.4523333333333333, 0.39966666666666667, 0.45166666666666666, 0.495, 0.543, 0.5703333333333334, 0.589, 0.6066666666666667, 0.6253333333333333, 0.634, 0.6496666666666666, 0.6563333333333333, 0.6596666666666666, 0.6683333333333333]
KMeans+Unc Selected batch sequence:[9, 6, 7, 11, 8, 14, 1, 10, 13, 2, 5, 0, 4, 3, 12]
KMeans+Unc Accuracy sequence:[0.30533333333333335, 0.392, 0.361, 0.4053333333333333, 0.44433333333333336, 0.49733333333333335, 0.534, 0.5723333333333334, 0.592, 0.6066666666666667, 0.623, 0.6346666666666667, 0.6473333333333333, 0.6513333333333333, 0.6626666666666666, 0.6606666666666666]
SubMod Selected batch sequence:[9, 6, 5, 7, 1, 4, 12, 2, 3, 8, 10, 11, 0, 14, 13]
SubMod Accuracy sequence:[0.30533333333333335, 0.38966666666666666, 0.36133333333333334, 0.45, 0.48933333333333334, 0.5246666666666666, 0.5563333333333333, 0.574, 0.6036666666666667, 0.617, 0.6276666666666667, 0.6396666666666667, 0.644, 0.6576666666666666, 0.6636666666666666, 0.663]
Random Selected batch sequence:[2, 14, 10, 11, 12, 8, 0, 5, 1, 4, 13, 6, 3, 7, 9]
Random Accuracy sequence:[0.30533333333333335, 0.43033333333333335, 0.484, 0.5256666666666666, 0.5473333333333333, 0.5826666666666667, 0.6033333333333334, 0.6236666666666667, 0.637, 0.6433333333333333, 0.6466666666666666, 0.6616666666666666, 0.6626666666666666, 0.6663333333333333, 0.6733333333333333, 0.678]
Entropy Selected batch sequence:[7, 6, 13, 10, 5, 11, 1, 14, 2, 0, 4, 8, 12, 3, 9]
Entropy Accuracy sequence:[0.30533333333333335, 0.345, 0.236, 0.3446666666666667, 0.4073333333333333, 0.473, 0.5113333333333333, 0.5476666666666666, 0.5666666666666667, 0.588, 0.607, 0.6136666666666667, 0.6326666666666667, 0.648, 0.6533333333333333, 0.656]
CoreSet Selected batch sequence:[6, 9, 3, 14, 4, 12, 13, 2, 0, 8, 10, 5, 1, 11, 7]
CoreSet Accuracy sequence:[0.30533333333333335, 0.18433333333333332, 0.32566666666666666, 0.4236666666666667, 0.49133333333333334, 0.5436666666666666, 0.568, 0.588, 0.609, 0.6216666666666667, 0.632, 0.641, 0.648, 0.6546666666666666, 0.6603333333333333, 0.673]
