KMeans Selected batch sequence:[7, 1, 5, 6, 9, 11, 14, 8, 4, 10, 0, 13, 12, 2, 3]
KMeans Accuracy sequence:[0.2853333333333333, 0.31066666666666665, 0.357, 0.386, 0.37766666666666665, 0.397, 0.412, 0.433, 0.44166666666666665, 0.44166666666666665, 0.47933333333333333, 0.5073333333333333, 0.5196666666666667, 0.539, 0.5553333333333333, 0.5693333333333334]
KMeans+Unc Selected batch sequence:[13, 6, 7, 8, 5, 1, 4, 11, 14, 12, 10, 9, 2, 0, 3]
KMeans+Unc Accuracy sequence:[0.2853333333333333, 0.30333333333333334, 0.30933333333333335, 0.35033333333333333, 0.352, 0.37133333333333335, 0.3863333333333333, 0.39966666666666667, 0.4136666666666667, 0.4216666666666667, 0.4663333333333333, 0.48966666666666664, 0.513, 0.5286666666666666, 0.5506666666666666, 0.568]
SubMod Selected batch sequence:[10, 7, 5, 9, 11, 1, 13, 4, 6, 14, 8, 2, 0, 3, 12]
SubMod Accuracy sequence:[0.2853333333333333, 0.39166666666666666, 0.44966666666666666, 0.4826666666666667, 0.49733333333333335, 0.5043333333333333, 0.5136666666666667, 0.5153333333333333, 0.5186666666666667, 0.5156666666666667, 0.5223333333333333, 0.5316666666666666, 0.5443333333333333, 0.5576666666666666, 0.567, 0.5786666666666667]
Random Selected batch sequence:[13, 1, 14, 2, 0, 10, 7, 11, 5, 6, 4, 8, 12, 3, 9]
Random Accuracy sequence:[0.2853333333333333, 0.3016666666666667, 0.3506666666666667, 0.39366666666666666, 0.4553333333333333, 0.5036666666666667, 0.5413333333333333, 0.5603333333333333, 0.571, 0.5826666666666667, 0.5803333333333334, 0.5803333333333334, 0.5826666666666667, 0.5916666666666667, 0.596, 0.6036666666666667]
Entropy Selected batch sequence:[1, 13, 11, 6, 9, 7, 5, 4, 8, 12, 3, 14, 2, 0, 10]
Entropy Accuracy sequence:[0.2853333333333333, 0.33166666666666667, 0.35233333333333333, 0.373, 0.36566666666666664, 0.3903333333333333, 0.4053333333333333, 0.4186666666666667, 0.42833333333333334, 0.43133333333333335, 0.4676666666666667, 0.49266666666666664, 0.5003333333333333, 0.524, 0.5436666666666666, 0.563]
CoreSet Selected batch sequence:[0, 10, 14, 3, 12, 2, 5, 1, 4, 6, 13, 7, 11, 9, 8]
CoreSet Accuracy sequence:[0.2853333333333333, 0.405, 0.49466666666666664, 0.533, 0.5646666666666667, 0.5896666666666667, 0.6016666666666667, 0.6136666666666667, 0.6156666666666667, 0.6196666666666667, 0.6216666666666667, 0.6263333333333333, 0.6333333333333333, 0.635, 0.6333333333333333, 0.6343333333333333]
