KMeans Selected batch sequence:[0, 6, 9, 1, 12, 5, 8, 4, 10, 3, 11, 2, 13, 14, 7]
KMeans Accuracy sequence:[0.31033333333333335, 0.41733333333333333, 0.45166666666666666, 0.478, 0.48733333333333334, 0.49833333333333335, 0.52, 0.5393333333333333, 0.551, 0.5636666666666666, 0.574, 0.5926666666666667, 0.6083333333333333, 0.6126666666666667, 0.621, 0.6373333333333333]
KMeans+Unc Selected batch sequence:[12, 6, 4, 9, 14, 1, 10, 11, 0, 2, 5, 8, 3, 13, 7]
KMeans+Unc Accuracy sequence:[0.31033333333333335, 0.3426666666666667, 0.3536666666666667, 0.4226666666666667, 0.451, 0.487, 0.519, 0.534, 0.555, 0.573, 0.5846666666666667, 0.599, 0.6116666666666667, 0.6263333333333333, 0.6343333333333333, 0.6413333333333333]
SubMod Selected batch sequence:[10, 1, 14, 6, 4, 2, 12, 7, 9, 8, 5, 0, 3, 13, 11]
SubMod Accuracy sequence:[0.31033333333333335, 0.381, 0.4176666666666667, 0.4696666666666667, 0.48233333333333334, 0.526, 0.5583333333333333, 0.5703333333333334, 0.584, 0.5883333333333334, 0.6013333333333334, 0.6113333333333333, 0.623, 0.6266666666666667, 0.6343333333333333, 0.6433333333333333]
Random Selected batch sequence:[9, 8, 2, 6, 0, 11, 14, 13, 4, 5, 12, 1, 10, 3, 7]
Random Accuracy sequence:[0.31033333333333335, 0.342, 0.4116666666666667, 0.4836666666666667, 0.49933333333333335, 0.528, 0.552, 0.5783333333333334, 0.5993333333333334, 0.613, 0.6246666666666667, 0.629, 0.6356666666666667, 0.6406666666666667, 0.646, 0.6523333333333333]
Entropy Selected batch sequence:[6, 10, 5, 7, 8, 0, 9, 12, 1, 4, 14, 11, 3, 13, 2]
Entropy Accuracy sequence:[0.31033333333333335, 0.30966666666666665, 0.37133333333333335, 0.44266666666666665, 0.495, 0.5413333333333333, 0.5653333333333334, 0.573, 0.5856666666666667, 0.5953333333333334, 0.6026666666666667, 0.617, 0.6246666666666667, 0.6316666666666667, 0.6413333333333333, 0.6456666666666667]
CoreSet Selected batch sequence:[3, 13, 5, 14, 11, 8, 2, 4, 7, 10, 0, 9, 12, 1, 6]
CoreSet Accuracy sequence:[0.31033333333333335, 0.409, 0.473, 0.5223333333333333, 0.5563333333333333, 0.584, 0.6036666666666667, 0.6176666666666667, 0.63, 0.6383333333333333, 0.646, 0.6556666666666666, 0.6613333333333333, 0.666, 0.6606666666666666, 0.662]
