KMeans Selected batch sequence:[0, 13, 14, 10, 1, 2, 9, 4, 11, 12, 7, 8, 6, 3, 5]
KMeans Accuracy sequence:[0.10166666666666667, 0.09366666666666666, 0.188, 0.23066666666666666, 0.27066666666666667, 0.382, 0.4676666666666667, 0.5243333333333333, 0.5646666666666667, 0.602, 0.6263333333333333, 0.634, 0.6496666666666666, 0.648, 0.6633333333333333, 0.6786666666666666]
KMeans+Unc Selected batch sequence:[0, 14, 13, 10, 1, 9, 2, 11, 12, 4, 7, 3, 8, 6, 5]
KMeans+Unc Accuracy sequence:[0.10166666666666667, 0.09333333333333334, 0.13566666666666666, 0.22, 0.26666666666666666, 0.388, 0.471, 0.528, 0.5743333333333334, 0.6096666666666667, 0.6326666666666667, 0.641, 0.65, 0.6573333333333333, 0.6543333333333333, 0.6713333333333333]
SubMod Selected batch sequence:[0, 1, 5, 13, 10, 14, 9, 7, 11, 2, 8, 4, 12, 6, 3]
SubMod Accuracy sequence:[0.10166666666666667, 0.09433333333333334, 0.12066666666666667, 0.18633333333333332, 0.34933333333333333, 0.423, 0.5083333333333333, 0.5546666666666666, 0.609, 0.635, 0.652, 0.6613333333333333, 0.671, 0.679, 0.6783333333333333, 0.6873333333333334]
Random Selected batch sequence:[13, 14, 0, 6, 7, 10, 5, 4, 12, 9, 11, 3, 2, 8, 1]
Random Accuracy sequence:[0.10166666666666667, 0.19166666666666668, 0.21033333333333334, 0.23966666666666667, 0.228, 0.2763333333333333, 0.3863333333333333, 0.49366666666666664, 0.5703333333333334, 0.604, 0.6256666666666667, 0.653, 0.6626666666666666, 0.673, 0.6823333333333333, 0.6923333333333334]
Entropy Selected batch sequence:[3, 4, 10, 7, 2, 12, 6, 9, 8, 11, 0, 13, 14, 1, 5]
Entropy Accuracy sequence:[0.10166666666666667, 0.09266666666666666, 0.09266666666666666, 0.09266666666666666, 0.09666666666666666, 0.11666666666666667, 0.14766666666666667, 0.12833333333333333, 0.14333333333333334, 0.18233333333333332, 0.22933333333333333, 0.302, 0.3893333333333333, 0.455, 0.5006666666666667, 0.5586666666666666]
CoreSet Selected batch sequence:[1, 0, 5, 14, 13, 9, 6, 11, 7, 3, 8, 12, 10, 2, 4]
CoreSet Accuracy sequence:[0.10166666666666667, 0.09666666666666666, 0.10333333333333333, 0.159, 0.274, 0.41533333333333333, 0.4806666666666667, 0.5323333333333333, 0.5906666666666667, 0.6276666666666667, 0.651, 0.669, 0.6826666666666666, 0.6916666666666667, 0.6956666666666667, 0.7023333333333334]
