KMeans Selected batch sequence:[3, 2, 13, 4, 11, 10, 6, 7, 8, 5, 0, 14, 1, 12, 9]
KMeans Accuracy sequence:[0.09633333333333334, 0.09633333333333334, 0.09666666666666666, 0.156, 0.311, 0.498, 0.6126666666666667, 0.6246666666666667, 0.6753333333333333, 0.7016666666666667, 0.7313333333333333, 0.7416666666666667, 0.7556666666666667, 0.7653333333333333, 0.7726666666666666, 0.789]
KMeans+Unc Selected batch sequence:[3, 2, 1, 14, 11, 4, 10, 8, 7, 6, 0, 5, 12, 13, 9]
KMeans+Unc Accuracy sequence:[0.09633333333333334, 0.09633333333333334, 0.09766666666666667, 0.15566666666666668, 0.32466666666666666, 0.4646666666666667, 0.591, 0.6696666666666666, 0.6973333333333334, 0.7206666666666667, 0.7193333333333334, 0.7373333333333333, 0.7433333333333333, 0.762, 0.773, 0.782]
SubMod Selected batch sequence:[2, 3, 1, 12, 11, 10, 6, 7, 5, 4, 0, 8, 14, 13, 9]
SubMod Accuracy sequence:[0.09633333333333334, 0.09633333333333334, 0.09633333333333334, 0.14766666666666667, 0.3433333333333333, 0.462, 0.575, 0.654, 0.6793333333333333, 0.707, 0.7286666666666667, 0.748, 0.756, 0.767, 0.7753333333333333, 0.7846666666666666]
Random Selected batch sequence:[8, 3, 0, 9, 10, 11, 5, 2, 12, 4, 1, 6, 13, 14, 7]
Random Accuracy sequence:[0.09633333333333334, 0.09633333333333334, 0.09633333333333334, 0.09933333333333333, 0.17966666666666667, 0.28, 0.41833333333333333, 0.521, 0.6066666666666667, 0.6463333333333333, 0.6816666666666666, 0.7153333333333334, 0.7443333333333333, 0.7616666666666667, 0.7673333333333333, 0.7763333333333333]
Entropy Selected batch sequence:[5, 6, 10, 8, 4, 14, 0, 7, 11, 3, 1, 13, 2, 12, 9]
Entropy Accuracy sequence:[0.09633333333333334, 0.09633333333333334, 0.09866666666666667, 0.164, 0.17033333333333334, 0.19166666666666668, 0.20166666666666666, 0.22033333333333333, 0.24, 0.291, 0.371, 0.43366666666666664, 0.5063333333333333, 0.5863333333333334, 0.648, 0.7053333333333334]
CoreSet Selected batch sequence:[1, 13, 11, 12, 3, 2, 9, 14, 7, 10, 8, 5, 4, 0, 6]
CoreSet Accuracy sequence:[0.09633333333333334, 0.09633333333333334, 0.09633333333333334, 0.118, 0.2813333333333333, 0.4646666666666667, 0.5796666666666667, 0.664, 0.729, 0.7456666666666667, 0.7666666666666667, 0.7783333333333333, 0.7863333333333333, 0.792, 0.803, 0.812]
