KMeans Selected batch sequence:[19, 12, 6, 1, 14, 4, 20, 23, 18, 2, 3, 11, 5, 24, 15, 8, 9, 16, 17, 7, 13, 22, 10, 0, 21]
KMeans Accuracy sequence:[0.26766666666666666, 0.4196666666666667, 0.603, 0.692, 0.746, 0.778, 0.8003333333333333, 0.815, 0.828, 0.8356666666666667, 0.845, 0.851, 0.8623333333333333, 0.8683333333333333, 0.874, 0.8763333333333333, 0.879, 0.8816666666666667, 0.8856666666666667, 0.8873333333333333, 0.89, 0.89, 0.894, 0.895, 0.899, 0.899]
KMeans+Unc Selected batch sequence:[20, 6, 19, 1, 17, 3, 9, 7, 4, 5, 8, 14, 12, 21, 11, 16, 24, 13, 23, 2, 10, 18, 0, 15, 22]
KMeans+Unc Accuracy sequence:[0.26766666666666666, 0.44533333333333336, 0.6143333333333333, 0.7013333333333334, 0.7526666666666667, 0.781, 0.8073333333333333, 0.8156666666666667, 0.828, 0.836, 0.8486666666666667, 0.8553333333333333, 0.8593333333333333, 0.867, 0.8706666666666667, 0.876, 0.8773333333333333, 0.8833333333333333, 0.8863333333333333, 0.8866666666666667, 0.8906666666666667, 0.8916666666666667, 0.8953333333333333, 0.8943333333333333, 0.8973333333333333, 0.899]
SubMod Selected batch sequence:[20, 9, 13, 7, 19, 1, 24, 17, 14, 4, 10, 22, 21, 23, 3, 11, 18, 2, 6, 8, 12, 16, 0, 15, 5]
SubMod Accuracy sequence:[0.26766666666666666, 0.42766666666666664, 0.6576666666666666, 0.7256666666666667, 0.7623333333333333, 0.791, 0.8073333333333333, 0.8203333333333334, 0.8316666666666667, 0.841, 0.8496666666666667, 0.856, 0.862, 0.867, 0.873, 0.8773333333333333, 0.8816666666666667, 0.884, 0.8863333333333333, 0.8896666666666667, 0.891, 0.8906666666666667, 0.8933333333333333, 0.8956666666666667, 0.8976666666666666, 0.901]
Random Selected batch sequence:[4, 6, 22, 9, 13, 12, 23, 7, 0, 5, 3, 10, 19, 17, 21, 16, 8, 15, 20, 2, 14, 1, 18, 24, 11]
Random Accuracy sequence:[0.26766666666666666, 0.469, 0.594, 0.673, 0.7323333333333333, 0.7743333333333333, 0.7996666666666666, 0.82, 0.8333333333333334, 0.846, 0.8553333333333333, 0.862, 0.8666666666666667, 0.8703333333333333, 0.8746666666666667, 0.8766666666666667, 0.8776666666666667, 0.8846666666666667, 0.8876666666666667, 0.8886666666666667, 0.8913333333333333, 0.8943333333333333, 0.8963333333333333, 0.8976666666666666, 0.8996666666666666, 0.9013333333333333]
Entropy Selected batch sequence:[1, 6, 14, 4, 11, 19, 12, 8, 18, 20, 3, 2, 23, 9, 15, 24, 5, 17, 16, 22, 7, 10, 13, 21, 0]
Entropy Accuracy sequence:[0.26766666666666666, 0.38333333333333336, 0.6236666666666667, 0.715, 0.749, 0.7836666666666666, 0.797, 0.8103333333333333, 0.8243333333333334, 0.8353333333333334, 0.8406666666666667, 0.8506666666666667, 0.8603333333333333, 0.8663333333333333, 0.872, 0.8773333333333333, 0.88, 0.884, 0.887, 0.8866666666666667, 0.8883333333333333, 0.8943333333333333, 0.897, 0.8966666666666666, 0.8983333333333333, 0.9006666666666666]
CoreSet Selected batch sequence:[17, 3, 15, 1, 24, 19, 18, 11, 20, 8, 7, 5, 4, 2, 14, 21, 9, 13, 23, 0, 10, 12, 16, 22, 6]
CoreSet Accuracy sequence:[0.26766666666666666, 0.40166666666666667, 0.6356666666666667, 0.7353333333333333, 0.7813333333333333, 0.806, 0.8143333333333334, 0.82, 0.8326666666666667, 0.8433333333333334, 0.8506666666666667, 0.8603333333333333, 0.864, 0.8663333333333333, 0.874, 0.8763333333333333, 0.878, 0.8826666666666667, 0.885, 0.8866666666666667, 0.8873333333333333, 0.8896666666666667, 0.8943333333333333, 0.897, 0.899, 0.9003333333333333]
