KMeans Selected batch sequence:[3, 0, 10, 14, 12, 4, 11, 6, 8, 5, 2, 9, 1, 7, 13]
KMeans Accuracy sequence:[0.43433333333333335, 0.5243333333333333, 0.548, 0.575, 0.586, 0.6096666666666667, 0.625, 0.629, 0.638, 0.6366666666666667, 0.654, 0.6476666666666666, 0.6633333333333333, 0.6663333333333333, 0.6806666666666666, 0.6786666666666666]
KMeans+Unc Selected batch sequence:[12, 14, 4, 3, 1, 2, 0, 6, 5, 13, 7, 11, 9, 10, 8]
KMeans+Unc Accuracy sequence:[0.43433333333333335, 0.52, 0.5483333333333333, 0.578, 0.5996666666666667, 0.6106666666666667, 0.6226666666666667, 0.633, 0.6423333333333333, 0.6466666666666666, 0.6546666666666666, 0.6493333333333333, 0.6553333333333333, 0.6626666666666666, 0.666, 0.668]
SubMod Selected batch sequence:[2, 12, 5, 0, 8, 3, 7, 13, 6, 14, 10, 11, 9, 1, 4]
SubMod Accuracy sequence:[0.43433333333333335, 0.5313333333333333, 0.554, 0.5756666666666667, 0.6, 0.6103333333333333, 0.619, 0.628, 0.6326666666666667, 0.6486666666666666, 0.657, 0.6686666666666666, 0.6653333333333333, 0.6693333333333333, 0.679, 0.661]
Random Selected batch sequence:[12, 7, 3, 14, 2, 10, 5, 8, 1, 0, 4, 13, 11, 9, 6]
Random Accuracy sequence:[0.43433333333333335, 0.5346666666666666, 0.5523333333333333, 0.5753333333333334, 0.592, 0.6166666666666667, 0.6133333333333333, 0.6323333333333333, 0.6336666666666667, 0.6496666666666666, 0.6446666666666667, 0.6456666666666667, 0.6556666666666666, 0.6566666666666666, 0.6616666666666666, 0.6616666666666666]
Entropy Selected batch sequence:[3, 12, 4, 10, 0, 11, 6, 14, 13, 5, 9, 2, 8, 1, 7]
Entropy Accuracy sequence:[0.43433333333333335, 0.5263333333333333, 0.5426666666666666, 0.5766666666666667, 0.5946666666666667, 0.6076666666666667, 0.6136666666666667, 0.6223333333333333, 0.6456666666666667, 0.6513333333333333, 0.6623333333333333, 0.659, 0.6643333333333333, 0.6663333333333333, 0.6686666666666666, 0.6693333333333333]
CoreSet Selected batch sequence:[12, 9, 11, 7, 14, 1, 6, 13, 8, 3, 4, 0, 10, 5, 2]
CoreSet Accuracy sequence:[0.43433333333333335, 0.521, 0.5483333333333333, 0.5736666666666667, 0.5883333333333334, 0.612, 0.6153333333333333, 0.6226666666666667, 0.6303333333333333, 0.6463333333333333, 0.6526666666666666, 0.658, 0.6636666666666666, 0.6676666666666666, 0.6736666666666666, 0.6803333333333333]
