KMeans Selected batch sequence:[3, 4, 10, 12, 0, 5, 14, 8, 11, 9, 2, 6, 13, 1, 7]
KMeans Accuracy sequence:[0.43733333333333335, 0.5826666666666667, 0.5863333333333334, 0.5986666666666667, 0.611, 0.6223333333333333, 0.6326666666666667, 0.6443333333333333, 0.65, 0.6543333333333333, 0.6583333333333333, 0.661, 0.666, 0.6776666666666666, 0.6803333333333333, 0.6713333333333333]
KMeans+Unc Selected batch sequence:[0, 12, 7, 6, 1, 4, 3, 11, 14, 13, 2, 8, 9, 5, 10]
KMeans+Unc Accuracy sequence:[0.43733333333333335, 0.5606666666666666, 0.5826666666666667, 0.5923333333333334, 0.603, 0.6216666666666667, 0.6406666666666667, 0.647, 0.6626666666666666, 0.657, 0.6713333333333333, 0.6746666666666666, 0.671, 0.6723333333333333, 0.6753333333333333, 0.6793333333333333]
SubMod Selected batch sequence:[13, 2, 5, 7, 12, 9, 8, 1, 6, 3, 14, 10, 11, 0, 4]
SubMod Accuracy sequence:[0.43733333333333335, 0.573, 0.594, 0.605, 0.619, 0.6196666666666667, 0.628, 0.6396666666666667, 0.6386666666666667, 0.6406666666666667, 0.659, 0.6643333333333333, 0.6683333333333333, 0.6746666666666666, 0.67, 0.6883333333333334]
Random Selected batch sequence:[9, 7, 12, 13, 8, 2, 3, 11, 1, 5, 4, 0, 6, 10, 14]
Random Accuracy sequence:[0.43733333333333335, 0.5636666666666666, 0.5863333333333334, 0.6003333333333334, 0.614, 0.625, 0.6333333333333333, 0.643, 0.647, 0.6386666666666667, 0.6383333333333333, 0.6573333333333333, 0.663, 0.664, 0.6806666666666666, 0.6793333333333333]
Entropy Selected batch sequence:[0, 14, 13, 4, 10, 11, 5, 6, 8, 3, 2, 9, 12, 1, 7]
Entropy Accuracy sequence:[0.43733333333333335, 0.564, 0.5863333333333334, 0.6056666666666667, 0.6256666666666667, 0.618, 0.6353333333333333, 0.636, 0.6423333333333333, 0.647, 0.6596666666666666, 0.6566666666666666, 0.6736666666666666, 0.675, 0.6813333333333333, 0.6753333333333333]
CoreSet Selected batch sequence:[12, 9, 11, 7, 14, 1, 6, 13, 8, 3, 4, 0, 10, 5, 2]
CoreSet Accuracy sequence:[0.43733333333333335, 0.5686666666666667, 0.5863333333333334, 0.5956666666666667, 0.6106666666666667, 0.6156666666666667, 0.6286666666666667, 0.627, 0.639, 0.6386666666666667, 0.6526666666666666, 0.6566666666666666, 0.6546666666666666, 0.6646666666666666, 0.6656666666666666, 0.67]
