KMeans Selected batch sequence:[4, 10, 0, 12, 6, 5, 3, 14, 8, 2, 9, 11, 7, 13, 1]
KMeans Accuracy sequence:[0.43466666666666665, 0.541, 0.5603333333333333, 0.5786666666666667, 0.5963333333333334, 0.6036666666666667, 0.6173333333333333, 0.626, 0.636, 0.643, 0.644, 0.6556666666666666, 0.6553333333333333, 0.6553333333333333, 0.6583333333333333, 0.663]
KMeans+Unc Selected batch sequence:[7, 0, 13, 8, 1, 11, 3, 12, 14, 6, 5, 9, 2, 4, 10]
KMeans+Unc Accuracy sequence:[0.43466666666666665, 0.527, 0.556, 0.577, 0.595, 0.6063333333333333, 0.6183333333333333, 0.6213333333333333, 0.6293333333333333, 0.637, 0.6336666666666667, 0.6583333333333333, 0.662, 0.6546666666666666, 0.666, 0.6566666666666666]
SubMod Selected batch sequence:[14, 2, 5, 0, 6, 12, 8, 7, 3, 13, 10, 11, 1, 9, 4]
SubMod Accuracy sequence:[0.43466666666666665, 0.5333333333333333, 0.57, 0.5793333333333334, 0.595, 0.612, 0.625, 0.6346666666666667, 0.6356666666666667, 0.6383333333333333, 0.6486666666666666, 0.6453333333333333, 0.649, 0.6576666666666666, 0.66, 0.653]
Random Selected batch sequence:[7, 12, 9, 13, 0, 8, 11, 10, 1, 5, 6, 14, 4, 2, 3]
Random Accuracy sequence:[0.43466666666666665, 0.542, 0.5643333333333334, 0.5783333333333334, 0.5893333333333334, 0.6, 0.6073333333333333, 0.617, 0.619, 0.638, 0.6423333333333333, 0.6456666666666667, 0.6543333333333333, 0.6603333333333333, 0.6556666666666666, 0.6533333333333333]
Entropy Selected batch sequence:[13, 2, 14, 11, 0, 9, 8, 3, 7, 10, 12, 4, 6, 1, 5]
Entropy Accuracy sequence:[0.43466666666666665, 0.545, 0.5613333333333334, 0.5733333333333334, 0.5893333333333334, 0.6083333333333333, 0.6186666666666667, 0.6203333333333333, 0.639, 0.636, 0.6493333333333333, 0.641, 0.6526666666666666, 0.6586666666666666, 0.6683333333333333, 0.6683333333333333]
CoreSet Selected batch sequence:[12, 9, 11, 7, 14, 1, 6, 13, 8, 3, 4, 0, 10, 5, 2]
CoreSet Accuracy sequence:[0.43466666666666665, 0.5423333333333333, 0.5526666666666666, 0.5783333333333334, 0.5976666666666667, 0.6056666666666667, 0.614, 0.6233333333333333, 0.621, 0.6293333333333333, 0.646, 0.6453333333333333, 0.646, 0.655, 0.6586666666666666, 0.66]
