KMeans Selected batch sequence:[11, 3, 6, 4, 2, 13, 9, 0, 10, 12, 8, 14, 5, 1, 7]
KMeans Accuracy sequence:[0.603, 0.7366666666666667, 0.7803333333333333, 0.8003333333333333, 0.815, 0.8266666666666667, 0.8443333333333334, 0.8513333333333334, 0.862, 0.867, 0.8643333333333333, 0.8666666666666667, 0.8716666666666667, 0.881, 0.8873333333333333, 0.8886666666666667]
KMeans+Unc Selected batch sequence:[11, 6, 2, 4, 8, 0, 3, 13, 9, 10, 14, 5, 7, 12, 1]
KMeans+Unc Accuracy sequence:[0.603, 0.74, 0.7723333333333333, 0.794, 0.8176666666666667, 0.8136666666666666, 0.822, 0.839, 0.856, 0.8633333333333333, 0.868, 0.8713333333333333, 0.8776666666666667, 0.8793333333333333, 0.883, 0.887]
SubMod Selected batch sequence:[11, 9, 2, 6, 0, 3, 13, 8, 10, 4, 14, 1, 5, 7, 12]
SubMod Accuracy sequence:[0.603, 0.739, 0.798, 0.8083333333333333, 0.824, 0.83, 0.8386666666666667, 0.8543333333333333, 0.8666666666666667, 0.864, 0.864, 0.8683333333333333, 0.8763333333333333, 0.8873333333333333, 0.886, 0.8886666666666667]
Random Selected batch sequence:[13, 8, 14, 5, 1, 0, 3, 9, 4, 2, 10, 12, 11, 6, 7]
Random Accuracy sequence:[0.603, 0.7356666666666667, 0.764, 0.7776666666666666, 0.8063333333333333, 0.828, 0.8343333333333334, 0.8563333333333333, 0.8656666666666667, 0.8673333333333333, 0.869, 0.8766666666666667, 0.8766666666666667, 0.8796666666666667, 0.881, 0.8866666666666667]
Entropy Selected batch sequence:[6, 3, 2, 13, 4, 9, 1, 12, 10, 5, 11, 7, 14, 0, 8]
Entropy Accuracy sequence:[0.603, 0.7043333333333334, 0.731, 0.7883333333333333, 0.815, 0.831, 0.8486666666666667, 0.855, 0.8586666666666667, 0.8586666666666667, 0.865, 0.8693333333333333, 0.8726666666666667, 0.8743333333333333, 0.8806666666666667, 0.8853333333333333]
CoreSet Selected batch sequence:[13, 9, 8, 2, 1, 10, 11, 6, 12, 5, 4, 0, 14, 3, 7]
CoreSet Accuracy sequence:[0.603, 0.733, 0.7786666666666666, 0.7983333333333333, 0.8143333333333334, 0.8196666666666667, 0.8353333333333334, 0.843, 0.8523333333333334, 0.854, 0.8643333333333333, 0.869, 0.8753333333333333, 0.879, 0.8826666666666667, 0.8856666666666667]
