KMeans Selected batch sequence:[6, 11, 2, 4, 3, 9, 13, 0, 10, 14, 1, 12, 5, 8, 7]
KMeans Accuracy sequence:[0.6023333333333334, 0.6723333333333333, 0.7493333333333333, 0.7956666666666666, 0.8086666666666666, 0.8193333333333334, 0.8416666666666667, 0.8553333333333333, 0.858, 0.8676666666666667, 0.8733333333333333, 0.88, 0.8713333333333333, 0.88, 0.8866666666666667, 0.889]
KMeans Scores:[1.5167933516919048, 1.4895834415895997, 1.0770363155073785, 0.9432124608893848, 0.8740782494893464, 0.7755449531470779, 0.6444328152609122, 0.560195790511633, 0.4654229706614411, 0.3924896655406841, 0.39090536074690196, 0.3499668568448926, 0.3412406207856298, 0.3200628057241728, 0.30550045012534155]
KMeans+Unc Selected batch sequence:[6, 11, 2, 0, 4, 3, 5, 14, 10, 13, 9, 8, 7, 12, 1]
KMeans+Unc Accuracy sequence:[0.6023333333333334, 0.6723333333333333, 0.748, 0.7916666666666666, 0.7953333333333333, 0.8143333333333334, 0.825, 0.8496666666666667, 0.853, 0.8593333333333333, 0.87, 0.879, 0.878, 0.8796666666666667, 0.8846666666666667, 0.8873333333333333]
KMeans+Unc Scores:[1.4717719445210935, 1.3533813446947676, 1.010628170578269, 0.8385013565775763, 0.7059181146403521, 0.6566815704919066, 0.5324931617657865, 0.4330919931773247, 0.4549695455067302, 0.4162347149508334, 0.35000265354897575, 0.2700427800902152, 0.2417603374327602, 0.2556139353046377, 0.2501953484035482]
SubMod Selected batch sequence:[11, 2, 6, 3, 4, 0, 10, 14, 13, 8, 1, 5, 9, 7, 12]
SubMod Accuracy sequence:[0.6023333333333334, 0.7216666666666667, 0.7753333333333333, 0.7973333333333333, 0.813, 0.8253333333333334, 0.8316666666666667, 0.842, 0.8533333333333334, 0.86, 0.8626666666666667, 0.8696666666666667, 0.8796666666666667, 0.887, 0.8843333333333333, 0.8923333333333333]
SubMod Scores:[1.9572261822653525, 1.423872158879539, 1.6482751927120427, 1.0888665525076222, 1.0814097612262534, 1.0382281771739101, 0.9319729403495882, 0.8038895786246067, 0.8404718821419163, 0.6502424968322272, 0.6136361772466101, 0.5381527193948177, 0.5038923219547313, 0.35197090301528233, 0.29596929164004704]
Random Selected batch sequence:[11, 10, 7, 8, 1, 12, 9, 5, 14, 4, 2, 13, 0, 6, 3]
Random Accuracy sequence:[0.6023333333333334, 0.718, 0.7836666666666666, 0.7973333333333333, 0.801, 0.8193333333333334, 0.8353333333333334, 0.8466666666666667, 0.854, 0.8546666666666667, 0.8586666666666667, 0.869, 0.8743333333333333, 0.8836666666666667, 0.8903333333333333, 0.8986666666666666]
Random Scores:[0.9763010740280151, 0.933840274810791, 0.9627557992935181, 0.9056100845336914, 0.8963382840156555, 0.983578622341156, 0.9624990224838257, 0.9166052937507629, 0.808160126209259, 0.8863116502761841, 0.9969526529312134, 0.5568737983703613, 0.9251352548599243, 0.8916785717010498, 0.6409500241279602]
Entropy Selected batch sequence:[6, 3, 5, 13, 2, 4, 1, 9, 10, 11, 0, 12, 14, 7, 8]
Entropy Accuracy sequence:[0.6023333333333334, 0.6776666666666666, 0.711, 0.7656666666666667, 0.8096666666666666, 0.8273333333333334, 0.8436666666666667, 0.8466666666666667, 0.8606666666666667, 0.867, 0.87, 0.8816666666666667, 0.883, 0.886, 0.8886666666666667, 0.8886666666666667]
Entropy Scores:[1.8325923681259155, 1.2833532094955444, 0.8905250430107117, 0.7724805474281311, 0.6778813600540161, 0.5555333495140076, 0.4972511827945709, 0.42009979486465454, 0.32463735342025757, 0.32836928963661194, 0.263551265001297, 0.23980335891246796, 0.18270713090896606, 0.16353575885295868, 0.12219896167516708]
CoreSet Selected batch sequence:[13, 9, 8, 2, 1, 10, 11, 6, 12, 5, 4, 0, 14, 3, 7]
CoreSet Accuracy sequence:[0.6023333333333334, 0.6883333333333334, 0.7643333333333333, 0.794, 0.8076666666666666, 0.8163333333333334, 0.8373333333333334, 0.8433333333333334, 0.8456666666666667, 0.8533333333333334, 0.8586666666666667, 0.8616666666666667, 0.8723333333333333, 0.8786666666666667, 0.8813333333333333, 0.888]
CoreSet Scores:[23.47477082791217, 22.84935526498076, 22.137632040878056, 21.998967668859425, 21.947952612927182, 21.63688406301968, 21.317235884638567, 20.557124586558018, 20.53947058818646, 20.38074607042252, 20.173365045311918, 19.894461471904798, 19.719002343479985, 19.119868646952945, 17.927401207675764]
