KMeans Selected batch sequence:[14, 12, 0, 10, 4, 3, 9, 8, 13, 5, 11, 1, 6, 2, 7]
KMeans Accuracy sequence:[0.44466666666666665, 0.5596666666666666, 0.583, 0.6006666666666667, 0.6133333333333333, 0.637, 0.6383333333333333, 0.6423333333333333, 0.653, 0.6523333333333333, 0.6623333333333333, 0.66, 0.6703333333333333, 0.678, 0.6646666666666666, 0.6853333333333333]
KMeans+Unc Selected batch sequence:[1, 7, 2, 14, 5, 4, 3, 11, 8, 12, 9, 13, 6, 0, 10]
KMeans+Unc Accuracy sequence:[0.44466666666666665, 0.549, 0.5736666666666667, 0.5943333333333334, 0.6006666666666667, 0.6133333333333333, 0.6213333333333333, 0.6276666666666667, 0.6443333333333333, 0.643, 0.636, 0.6543333333333333, 0.6586666666666666, 0.6546666666666666, 0.6553333333333333, 0.666]
SubMod Selected batch sequence:[5, 3, 14, 12, 7, 0, 10, 11, 2, 6, 1, 8, 9, 13, 4]
SubMod Accuracy sequence:[0.44466666666666665, 0.5573333333333333, 0.5673333333333334, 0.583, 0.5963333333333334, 0.6096666666666667, 0.6236666666666667, 0.6443333333333333, 0.6466666666666666, 0.6463333333333333, 0.6593333333333333, 0.644, 0.6583333333333333, 0.6566666666666666, 0.6803333333333333, 0.6703333333333333]
Random Selected batch sequence:[12, 0, 7, 10, 8, 13, 9, 1, 14, 5, 6, 4, 2, 3, 11]
Random Accuracy sequence:[0.44466666666666665, 0.5563333333333333, 0.586, 0.599, 0.6156666666666667, 0.6203333333333333, 0.626, 0.6333333333333333, 0.6483333333333333, 0.656, 0.6633333333333333, 0.6666666666666666, 0.6646666666666666, 0.6703333333333333, 0.657, 0.681]
Entropy Selected batch sequence:[13, 10, 11, 14, 0, 4, 12, 2, 8, 3, 9, 5, 6, 7, 1]
Entropy Accuracy sequence:[0.44466666666666665, 0.5453333333333333, 0.5723333333333334, 0.5933333333333334, 0.6086666666666667, 0.6206666666666667, 0.6306666666666667, 0.6436666666666667, 0.6496666666666666, 0.6463333333333333, 0.6563333333333333, 0.6596666666666666, 0.665, 0.666, 0.675, 0.6726666666666666]
CoreSet Selected batch sequence:[12, 9, 11, 7, 14, 1, 6, 13, 8, 3, 4, 0, 10, 5, 2]
CoreSet Accuracy sequence:[0.44466666666666665, 0.5603333333333333, 0.5856666666666667, 0.5956666666666667, 0.6116666666666667, 0.614, 0.6143333333333333, 0.6296666666666667, 0.6356666666666667, 0.6483333333333333, 0.645, 0.6553333333333333, 0.6526666666666666, 0.6586666666666666, 0.6493333333333333, 0.672]
