KMeans Selected batch sequence:[6, 9, 4, 14, 8, 11, 7, 3, 0, 12, 13, 2, 10, 5, 1]
KMeans Accuracy sequence:[0.182, 0.4553333333333333, 0.506, 0.5043333333333333, 0.5336666666666666, 0.5376666666666666, 0.5396666666666666, 0.55, 0.5383333333333333, 0.578, 0.59, 0.6116666666666667, 0.6123333333333333, 0.651, 0.6523333333333333, 0.6583333333333333]
KMeans+Unc Selected batch sequence:[9, 7, 0, 11, 14, 13, 2, 5, 1, 12, 4, 3, 8, 6, 10]
KMeans+Unc Accuracy sequence:[0.182, 0.46, 0.5036666666666667, 0.552, 0.5493333333333333, 0.5636666666666666, 0.5536666666666666, 0.5733333333333334, 0.5993333333333334, 0.6003333333333334, 0.6176666666666667, 0.6183333333333333, 0.6223333333333333, 0.6256666666666667, 0.643, 0.658]
SubMod Selected batch sequence:[14, 13, 5, 6, 3, 2, 12, 7, 10, 8, 11, 0, 1, 4, 9]
SubMod Accuracy sequence:[0.182, 0.41833333333333333, 0.5036666666666667, 0.551, 0.563, 0.5693333333333334, 0.589, 0.601, 0.6096666666666667, 0.625, 0.6523333333333333, 0.6526666666666666, 0.6606666666666666, 0.67, 0.6686666666666666, 0.6696666666666666]
Random Selected batch sequence:[1, 10, 12, 7, 4, 2, 6, 14, 13, 0, 11, 9, 8, 5, 3]
Random Accuracy sequence:[0.182, 0.4633333333333333, 0.5713333333333334, 0.604, 0.6143333333333333, 0.6376666666666667, 0.642, 0.649, 0.6483333333333333, 0.655, 0.6566666666666666, 0.6636666666666666, 0.6603333333333333, 0.67, 0.678, 0.6696666666666666]
Entropy Selected batch sequence:[10, 5, 13, 6, 7, 14, 2, 0, 11, 3, 4, 9, 8, 12, 1]
Entropy Accuracy sequence:[0.182, 0.486, 0.543, 0.5863333333333334, 0.5916666666666667, 0.6146666666666667, 0.625, 0.6293333333333333, 0.6286666666666667, 0.6403333333333333, 0.6506666666666666, 0.639, 0.652, 0.6486666666666666, 0.661, 0.6613333333333333]
CoreSet Selected batch sequence:[14, 11, 7, 8, 3, 1, 6, 9, 12, 4, 13, 0, 2, 5, 10]
CoreSet Accuracy sequence:[0.182, 0.42033333333333334, 0.48633333333333334, 0.517, 0.5246666666666666, 0.5506666666666666, 0.558, 0.565, 0.574, 0.5993333333333334, 0.5986666666666667, 0.6113333333333333, 0.6166666666666667, 0.617, 0.6276666666666667, 0.6646666666666666]
