KMeans Selected batch sequence:[19, 11, 6, 1, 12, 14, 4, 20, 23, 18, 2, 8, 24, 5, 3, 15, 9, 16, 17, 13, 7, 10, 0, 22, 21]
KMeans Accuracy sequence:[0.16733333333333333, 0.3536666666666667, 0.579, 0.6966666666666667, 0.7573333333333333, 0.79, 0.8086666666666666, 0.816, 0.8216666666666667, 0.833, 0.8433333333333334, 0.8476666666666667, 0.8533333333333334, 0.862, 0.8686666666666667, 0.8726666666666667, 0.8753333333333333, 0.877, 0.8796666666666667, 0.8796666666666667, 0.8826666666666667, 0.884, 0.8843333333333333, 0.8903333333333333, 0.8906666666666667, 0.89]
KMeans+Unc Selected batch sequence:[20, 6, 19, 17, 9, 23, 12, 11, 7, 5, 8, 1, 4, 3, 14, 21, 24, 16, 10, 13, 2, 22, 18, 0, 15]
KMeans+Unc Accuracy sequence:[0.16733333333333333, 0.44266666666666665, 0.579, 0.6786666666666666, 0.7466666666666667, 0.772, 0.7953333333333333, 0.807, 0.8216666666666667, 0.8346666666666667, 0.845, 0.8516666666666667, 0.8583333333333333, 0.863, 0.8666666666666667, 0.8703333333333333, 0.8736666666666667, 0.8763333333333333, 0.878, 0.8813333333333333, 0.8853333333333333, 0.887, 0.8873333333333333, 0.8903333333333333, 0.892, 0.8923333333333333]
SubMod Selected batch sequence:[19, 8, 15, 9, 14, 17, 10, 22, 6, 7, 12, 4, 24, 1, 23, 21, 11, 13, 16, 2, 20, 18, 5, 0, 3]
SubMod Accuracy sequence:[0.16733333333333333, 0.341, 0.574, 0.6186666666666667, 0.698, 0.7483333333333333, 0.7813333333333333, 0.7996666666666666, 0.812, 0.822, 0.8333333333333334, 0.8436666666666667, 0.8503333333333334, 0.8613333333333333, 0.8653333333333333, 0.8696666666666667, 0.876, 0.8776666666666667, 0.8796666666666667, 0.8826666666666667, 0.885, 0.888, 0.891, 0.8923333333333333, 0.8936666666666667, 0.895]
Random Selected batch sequence:[24, 7, 1, 14, 3, 5, 13, 11, 22, 0, 21, 15, 9, 10, 18, 17, 23, 2, 4, 16, 20, 12, 19, 8, 6]
Random Accuracy sequence:[0.16733333333333333, 0.278, 0.414, 0.5773333333333334, 0.7063333333333334, 0.7723333333333333, 0.8013333333333333, 0.81, 0.8266666666666667, 0.834, 0.844, 0.8533333333333334, 0.8566666666666667, 0.861, 0.8676666666666667, 0.8706666666666667, 0.874, 0.8766666666666667, 0.8793333333333333, 0.8793333333333333, 0.8786666666666667, 0.886, 0.884, 0.8886666666666667, 0.894, 0.897]
Entropy Selected batch sequence:[6, 1, 4, 8, 14, 11, 19, 12, 20, 18, 2, 23, 3, 24, 17, 5, 9, 15, 16, 7, 10, 22, 13, 21, 0]
Entropy Accuracy sequence:[0.16733333333333333, 0.43266666666666664, 0.5723333333333334, 0.6886666666666666, 0.7403333333333333, 0.768, 0.7926666666666666, 0.799, 0.812, 0.824, 0.8283333333333334, 0.8393333333333334, 0.8506666666666667, 0.8583333333333333, 0.8646666666666667, 0.867, 0.87, 0.8736666666666667, 0.8766666666666667, 0.8776666666666667, 0.881, 0.8856666666666667, 0.887, 0.8883333333333333, 0.8896666666666667, 0.8906666666666667]
CoreSet Selected batch sequence:[17, 3, 15, 1, 24, 19, 18, 11, 20, 8, 7, 5, 4, 2, 14, 21, 9, 13, 23, 0, 10, 12, 16, 22, 6]
CoreSet Accuracy sequence:[0.16733333333333333, 0.3486666666666667, 0.5373333333333333, 0.6276666666666667, 0.717, 0.7643333333333333, 0.787, 0.799, 0.8226666666666667, 0.83, 0.8383333333333334, 0.8473333333333334, 0.8543333333333333, 0.86, 0.8643333333333333, 0.8683333333333333, 0.874, 0.8776666666666667, 0.8783333333333333, 0.8813333333333333, 0.8833333333333333, 0.8843333333333333, 0.8876666666666667, 0.8896666666666667, 0.8913333333333333, 0.8946666666666667]
