KMeans Selected batch sequence:[19, 10, 6, 23, 14, 12, 4, 20, 1, 2, 18, 11, 5, 24, 3, 8, 15, 9, 16, 17, 7, 22, 13, 0, 21]
KMeans Accuracy sequence:[0.14833333333333334, 0.24666666666666667, 0.4663333333333333, 0.6583333333333333, 0.7556666666666667, 0.784, 0.803, 0.8116666666666666, 0.8196666666666667, 0.832, 0.8406666666666667, 0.8453333333333334, 0.8513333333333334, 0.861, 0.8676666666666667, 0.8703333333333333, 0.8733333333333333, 0.875, 0.8793333333333333, 0.8816666666666667, 0.8853333333333333, 0.889, 0.89, 0.892, 0.8946666666666667, 0.8976666666666666]
KMeans+Unc Selected batch sequence:[15, 6, 19, 14, 23, 17, 11, 9, 8, 1, 7, 4, 5, 21, 12, 3, 10, 24, 2, 16, 20, 0, 18, 22, 13]
KMeans+Unc Accuracy sequence:[0.14833333333333334, 0.3253333333333333, 0.5516666666666666, 0.639, 0.69, 0.753, 0.7843333333333333, 0.81, 0.826, 0.837, 0.841, 0.849, 0.8503333333333334, 0.8593333333333333, 0.8636666666666667, 0.867, 0.8686666666666667, 0.8733333333333333, 0.8766666666666667, 0.878, 0.8826666666666667, 0.886, 0.8866666666666667, 0.89, 0.8916666666666667, 0.8926666666666667]
SubMod Selected batch sequence:[20, 14, 7, 9, 19, 10, 22, 18, 1, 4, 11, 21, 13, 23, 24, 17, 12, 2, 8, 6, 15, 5, 16, 0, 3]
SubMod Accuracy sequence:[0.14833333333333334, 0.45766666666666667, 0.6256666666666667, 0.6826666666666666, 0.7176666666666667, 0.763, 0.7843333333333333, 0.804, 0.8163333333333334, 0.8256666666666667, 0.8316666666666667, 0.8406666666666667, 0.846, 0.8523333333333334, 0.8603333333333333, 0.8683333333333333, 0.874, 0.8733333333333333, 0.879, 0.8796666666666667, 0.8816666666666667, 0.8863333333333333, 0.891, 0.892, 0.8953333333333333, 0.8963333333333333]
Random Selected batch sequence:[3, 4, 6, 17, 5, 9, 21, 18, 24, 10, 23, 14, 8, 20, 1, 7, 11, 12, 16, 13, 2, 19, 0, 22, 15]
Random Accuracy sequence:[0.14833333333333334, 0.2813333333333333, 0.579, 0.6563333333333333, 0.72, 0.7666666666666667, 0.791, 0.8086666666666666, 0.8223333333333334, 0.8306666666666667, 0.8366666666666667, 0.851, 0.856, 0.8613333333333333, 0.864, 0.8673333333333333, 0.8733333333333333, 0.8756666666666667, 0.88, 0.8806666666666667, 0.8826666666666667, 0.886, 0.8893333333333333, 0.8923333333333333, 0.8943333333333333, 0.897]
Entropy Selected batch sequence:[14, 6, 1, 4, 11, 8, 19, 12, 23, 20, 18, 2, 3, 5, 9, 24, 17, 15, 22, 16, 7, 10, 0, 13, 21]
Entropy Accuracy sequence:[0.14833333333333334, 0.356, 0.573, 0.6786666666666666, 0.7186666666666667, 0.7683333333333333, 0.7846666666666666, 0.8, 0.8103333333333333, 0.8253333333333334, 0.8346666666666667, 0.8423333333333334, 0.8533333333333334, 0.86, 0.865, 0.8696666666666667, 0.8776666666666667, 0.8803333333333333, 0.8813333333333333, 0.884, 0.888, 0.8883333333333333, 0.8883333333333333, 0.8923333333333333, 0.8946666666666667, 0.8976666666666666]
CoreSet Selected batch sequence:[17, 3, 15, 1, 24, 19, 18, 11, 20, 8, 7, 5, 4, 2, 14, 21, 9, 13, 23, 0, 10, 12, 16, 22, 6]
CoreSet Accuracy sequence:[0.14833333333333334, 0.30333333333333334, 0.5646666666666667, 0.694, 0.733, 0.7706666666666667, 0.7873333333333333, 0.8, 0.814, 0.821, 0.8323333333333334, 0.839, 0.848, 0.857, 0.8653333333333333, 0.8693333333333333, 0.875, 0.8793333333333333, 0.881, 0.8823333333333333, 0.8853333333333333, 0.8873333333333333, 0.8886666666666667, 0.8916666666666667, 0.8933333333333333, 0.8966666666666666]
