KMeans Selected batch sequence:[6, 11, 14, 4, 1, 8, 9, 12, 5, 13, 7, 10, 0, 3, 2]
KMeans Accuracy sequence:[0.30633333333333335, 0.272, 0.35233333333333333, 0.36333333333333334, 0.433, 0.4656666666666667, 0.49133333333333334, 0.5146666666666667, 0.5326666666666666, 0.559, 0.5716666666666667, 0.585, 0.601, 0.6076666666666667, 0.6156666666666667, 0.621]
KMeans+Unc Selected batch sequence:[6, 1, 14, 0, 11, 12, 3, 10, 8, 5, 7, 9, 2, 4, 13]
KMeans+Unc Accuracy sequence:[0.30633333333333335, 0.2743333333333333, 0.36466666666666664, 0.373, 0.43033333333333335, 0.4646666666666667, 0.493, 0.5193333333333333, 0.5286666666666666, 0.5563333333333333, 0.5726666666666667, 0.584, 0.5963333333333334, 0.6083333333333333, 0.618, 0.6236666666666667]
SubMod Selected batch sequence:[5, 6, 14, 1, 8, 13, 2, 12, 0, 11, 10, 4, 9, 3, 7]
SubMod Accuracy sequence:[0.30633333333333335, 0.44433333333333336, 0.468, 0.511, 0.5303333333333333, 0.537, 0.545, 0.5723333333333334, 0.585, 0.599, 0.6043333333333333, 0.6203333333333333, 0.627, 0.6313333333333333, 0.6366666666666667, 0.6426666666666667]
Random Selected batch sequence:[12, 11, 6, 1, 10, 13, 2, 9, 14, 8, 4, 3, 0, 7, 5]
Random Accuracy sequence:[0.30633333333333335, 0.3433333333333333, 0.37366666666666665, 0.362, 0.38133333333333336, 0.395, 0.43866666666666665, 0.4846666666666667, 0.5053333333333333, 0.518, 0.534, 0.5573333333333333, 0.584, 0.5926666666666667, 0.5996666666666667, 0.6106666666666667]
Entropy Selected batch sequence:[1, 12, 14, 6, 11, 8, 13, 5, 4, 0, 9, 10, 2, 3, 7]
Entropy Accuracy sequence:[0.30633333333333335, 0.3626666666666667, 0.38166666666666665, 0.3873333333333333, 0.3903333333333333, 0.4, 0.433, 0.4593333333333333, 0.4886666666666667, 0.5196666666666667, 0.5466666666666666, 0.5586666666666666, 0.572, 0.588, 0.6026666666666667, 0.61]
CoreSet Selected batch sequence:[5, 2, 10, 7, 4, 3, 0, 9, 8, 13, 12, 14, 1, 6, 11]
CoreSet Accuracy sequence:[0.30633333333333335, 0.44333333333333336, 0.513, 0.5443333333333333, 0.569, 0.59, 0.6033333333333334, 0.6166666666666667, 0.63, 0.6393333333333333, 0.646, 0.6506666666666666, 0.6533333333333333, 0.6536666666666666, 0.6626666666666666, 0.6603333333333333]
