KMeans Selected batch sequence:[6, 0, 4, 2, 13, 3, 7, 11, 5, 12, 14, 1, 9, 10, 8]
KMeans Accuracy sequence:[0.21166666666666667, 0.465, 0.5303333333333333, 0.5426666666666666, 0.6013333333333334, 0.6213333333333333, 0.645, 0.659, 0.669, 0.672, 0.6853333333333333, 0.687, 0.685, 0.688, 0.6983333333333334, 0.7013333333333334]
KMeans+Unc Selected batch sequence:[1, 0, 5, 13, 2, 12, 6, 9, 14, 11, 8, 7, 10, 3, 4]
KMeans+Unc Accuracy sequence:[0.21166666666666667, 0.44966666666666666, 0.5176666666666667, 0.5466666666666666, 0.591, 0.607, 0.6096666666666667, 0.6166666666666667, 0.6303333333333333, 0.639, 0.659, 0.6666666666666666, 0.676, 0.6793333333333333, 0.6813333333333333, 0.692]
SubMod Selected batch sequence:[9, 6, 5, 7, 10, 12, 1, 11, 3, 14, 0, 2, 13, 4, 8]
SubMod Accuracy sequence:[0.21166666666666667, 0.47733333333333333, 0.5443333333333333, 0.5743333333333334, 0.5996666666666667, 0.5983333333333334, 0.6013333333333334, 0.6083333333333333, 0.6536666666666666, 0.6606666666666666, 0.6766666666666666, 0.6813333333333333, 0.6873333333333334, 0.689, 0.696, 0.6976666666666667]
Random Selected batch sequence:[14, 9, 4, 2, 5, 8, 10, 11, 0, 7, 13, 12, 1, 6, 3]
Random Accuracy sequence:[0.21166666666666667, 0.4726666666666667, 0.5266666666666666, 0.568, 0.5783333333333334, 0.5963333333333334, 0.598, 0.597, 0.6626666666666666, 0.6683333333333333, 0.6646666666666666, 0.6716666666666666, 0.681, 0.6816666666666666, 0.6883333333333334, 0.6826666666666666]
Entropy Selected batch sequence:[14, 2, 13, 11, 3, 9, 0, 7, 6, 12, 4, 10, 5, 1, 8]
Entropy Accuracy sequence:[0.21166666666666667, 0.4713333333333333, 0.5416666666666666, 0.5733333333333334, 0.6173333333333333, 0.638, 0.6503333333333333, 0.6683333333333333, 0.6683333333333333, 0.6733333333333333, 0.6876666666666666, 0.6883333333333334, 0.6783333333333333, 0.689, 0.6856666666666666, 0.69]
CoreSet Selected batch sequence:[14, 12, 4, 1, 5, 10, 8, 7, 6, 9, 0, 2, 13, 11, 3]
CoreSet Accuracy sequence:[0.21166666666666667, 0.452, 0.49, 0.5396666666666666, 0.5543333333333333, 0.5626666666666666, 0.5783333333333334, 0.5983333333333334, 0.609, 0.6123333333333333, 0.6246666666666667, 0.621, 0.6293333333333333, 0.645, 0.675, 0.6796666666666666]
