KMeans Selected batch sequence:[3, 14, 6, 13, 4, 5, 2, 1, 8, 9, 11, 7, 0, 10, 12]
KMeans Accuracy sequence:[0.2926666666666667, 0.33866666666666667, 0.3596666666666667, 0.2806666666666667, 0.377, 0.3913333333333333, 0.432, 0.4683333333333333, 0.5033333333333333, 0.536, 0.558, 0.5676666666666667, 0.584, 0.605, 0.6153333333333333, 0.6183333333333333]
KMeans+Unc Selected batch sequence:[6, 7, 3, 12, 4, 9, 11, 14, 1, 5, 0, 8, 13, 2, 10]
KMeans+Unc Accuracy sequence:[0.2926666666666667, 0.18333333333333332, 0.359, 0.41, 0.4593333333333333, 0.487, 0.5183333333333333, 0.5456666666666666, 0.5556666666666666, 0.5826666666666667, 0.597, 0.6093333333333333, 0.6173333333333333, 0.6266666666666667, 0.636, 0.6383333333333333]
SubMod Selected batch sequence:[5, 3, 14, 4, 8, 1, 6, 13, 12, 7, 9, 0, 2, 10, 11]
SubMod Accuracy sequence:[0.2926666666666667, 0.43, 0.4696666666666667, 0.4886666666666667, 0.5043333333333333, 0.5183333333333333, 0.5383333333333333, 0.5163333333333333, 0.5376666666666666, 0.5676666666666667, 0.582, 0.599, 0.61, 0.625, 0.6286666666666667, 0.6443333333333333]
Random Selected batch sequence:[5, 1, 14, 9, 11, 10, 8, 13, 3, 7, 2, 0, 4, 12, 6]
Random Accuracy sequence:[0.2926666666666667, 0.43633333333333335, 0.5013333333333333, 0.523, 0.539, 0.5516666666666666, 0.5753333333333334, 0.5973333333333334, 0.608, 0.6146666666666667, 0.6243333333333333, 0.633, 0.635, 0.6476666666666666, 0.6496666666666666, 0.6483333333333333]
Entropy Selected batch sequence:[14, 4, 10, 3, 8, 13, 6, 11, 5, 0, 1, 9, 7, 2, 12]
Entropy Accuracy sequence:[0.2926666666666667, 0.3363333333333333, 0.371, 0.39966666666666667, 0.412, 0.47, 0.489, 0.48833333333333334, 0.5113333333333333, 0.5396666666666666, 0.5616666666666666, 0.579, 0.5893333333333334, 0.6043333333333333, 0.615, 0.6226666666666667]
CoreSet Selected batch sequence:[12, 5, 7, 2, 8, 0, 10, 1, 11, 13, 6, 9, 14, 3, 4]
CoreSet Accuracy sequence:[0.2926666666666667, 0.4033333333333333, 0.499, 0.5273333333333333, 0.559, 0.5776666666666667, 0.5986666666666667, 0.6096666666666667, 0.6196666666666667, 0.6256666666666667, 0.638, 0.635, 0.646, 0.6553333333333333, 0.6623333333333333, 0.6616666666666666]
