KMeans Selected batch sequence:[2, 9, 4, 14, 3, 11, 1, 7, 6, 10, 13, 0, 12, 5, 8]
KMeans Accuracy sequence:[0.102, 0.098, 0.157, 0.33266666666666667, 0.452, 0.5176666666666667, 0.567, 0.6026666666666667, 0.6313333333333333, 0.631, 0.6526666666666666, 0.671, 0.6896666666666667, 0.7013333333333334, 0.7183333333333334, 0.7286666666666667]
KMeans+Unc Selected batch sequence:[5, 3, 9, 2, 14, 1, 11, 6, 13, 7, 12, 10, 0, 4, 8]
KMeans+Unc Accuracy sequence:[0.102, 0.098, 0.101, 0.284, 0.454, 0.5193333333333333, 0.592, 0.6433333333333333, 0.639, 0.6763333333333333, 0.6983333333333334, 0.71, 0.705, 0.712, 0.7296666666666667, 0.7396666666666667]
SubMod Selected batch sequence:[5, 9, 4, 3, 7, 2, 1, 0, 6, 12, 13, 14, 11, 10, 8]
SubMod Accuracy sequence:[0.102, 0.098, 0.12766666666666668, 0.3453333333333333, 0.47833333333333333, 0.539, 0.6086666666666667, 0.6586666666666666, 0.6893333333333334, 0.6806666666666666, 0.7173333333333334, 0.7333333333333333, 0.7443333333333333, 0.7533333333333333, 0.755, 0.7586666666666667]
Random Selected batch sequence:[13, 4, 12, 7, 9, 8, 1, 10, 0, 11, 2, 3, 5, 6, 14]
Random Accuracy sequence:[0.102, 0.098, 0.098, 0.10433333333333333, 0.14566666666666667, 0.3403333333333333, 0.42766666666666664, 0.49566666666666664, 0.5203333333333333, 0.5433333333333333, 0.5616666666666666, 0.5966666666666667, 0.6366666666666667, 0.6793333333333333, 0.6883333333333334, 0.7076666666666667]
Entropy Selected batch sequence:[6, 0, 13, 7, 14, 1, 10, 11, 12, 2, 9, 3, 4, 5, 8]
Entropy Accuracy sequence:[0.102, 0.14933333333333335, 0.149, 0.143, 0.12666666666666668, 0.13766666666666666, 0.16733333333333333, 0.193, 0.20066666666666666, 0.21633333333333332, 0.292, 0.41233333333333333, 0.4826666666666667, 0.5173333333333333, 0.5576666666666666, 0.602]
CoreSet Selected batch sequence:[5, 4, 3, 9, 8, 2, 13, 12, 10, 0, 11, 7, 6, 14, 1]
CoreSet Accuracy sequence:[0.102, 0.098, 0.10933333333333334, 0.23266666666666666, 0.45266666666666666, 0.516, 0.598, 0.6583333333333333, 0.698, 0.718, 0.7346666666666667, 0.7473333333333333, 0.7546666666666667, 0.7636666666666667, 0.766, 0.7686666666666667]
