KMeans Selected batch sequence:[6, 8, 13, 10, 3, 9, 12, 2, 11, 14, 7, 0, 5, 1, 4]
KMeans Accuracy sequence:[0.18533333333333332, 0.10133333333333333, 0.13866666666666666, 0.2653333333333333, 0.283, 0.3443333333333333, 0.398, 0.44866666666666666, 0.499, 0.5496666666666666, 0.5806666666666667, 0.587, 0.5946666666666667, 0.6106666666666667, 0.625, 0.6436666666666667]
KMeans+Unc Selected batch sequence:[6, 8, 4, 10, 12, 9, 2, 11, 14, 1, 3, 5, 7, 0, 13]
KMeans+Unc Accuracy sequence:[0.18533333333333332, 0.10866666666666666, 0.15133333333333332, 0.203, 0.23233333333333334, 0.29333333333333333, 0.37366666666666665, 0.45866666666666667, 0.5263333333333333, 0.5693333333333334, 0.588, 0.603, 0.6176666666666667, 0.6176666666666667, 0.6233333333333333, 0.658]
SubMod Selected batch sequence:[6, 8, 4, 13, 10, 12, 9, 2, 14, 3, 7, 1, 0, 5, 11]
SubMod Accuracy sequence:[0.18533333333333332, 0.10266666666666667, 0.15266666666666667, 0.22933333333333333, 0.2723333333333333, 0.382, 0.492, 0.551, 0.5883333333333334, 0.6206666666666667, 0.6416666666666667, 0.655, 0.667, 0.674, 0.687, 0.6916666666666667]
Random Selected batch sequence:[11, 5, 4, 0, 6, 14, 7, 9, 2, 1, 10, 13, 8, 3, 12]
Random Accuracy sequence:[0.18533333333333332, 0.10033333333333333, 0.1, 0.11166666666666666, 0.15466666666666667, 0.227, 0.273, 0.31166666666666665, 0.37466666666666665, 0.4086666666666667, 0.439, 0.46266666666666667, 0.496, 0.561, 0.5976666666666667, 0.6103333333333333]
Entropy Selected batch sequence:[6, 12, 11, 14, 2, 1, 5, 10, 0, 9, 7, 3, 13, 8, 4]
Entropy Accuracy sequence:[0.18533333333333332, 0.10033333333333333, 0.1, 0.10066666666666667, 0.119, 0.14266666666666666, 0.175, 0.19466666666666665, 0.21166666666666667, 0.23666666666666666, 0.25666666666666665, 0.272, 0.283, 0.37233333333333335, 0.44433333333333336, 0.494]
CoreSet Selected batch sequence:[4, 8, 13, 7, 5, 2, 9, 0, 3, 10, 1, 12, 14, 11, 6]
CoreSet Accuracy sequence:[0.18533333333333332, 0.11766666666666667, 0.169, 0.267, 0.3506666666666667, 0.45166666666666666, 0.5166666666666667, 0.5673333333333334, 0.6106666666666667, 0.6366666666666667, 0.6596666666666666, 0.6696666666666666, 0.6793333333333333, 0.6886666666666666, 0.695, 0.6986666666666667]
