KMeans Selected batch sequence:[5, 7, 6, 0, 4, 13, 9, 12, 10, 8, 3, 1, 14, 11, 2]
KMeans Accuracy sequence:[0.09633333333333334, 0.09633333333333334, 0.09733333333333333, 0.177, 0.17, 0.20233333333333334, 0.338, 0.461, 0.523, 0.5563333333333333, 0.5973333333333334, 0.6303333333333333, 0.657, 0.687, 0.704, 0.7256666666666667]
KMeans+Unc Selected batch sequence:[1, 7, 6, 13, 0, 9, 3, 12, 10, 8, 4, 14, 5, 11, 2]
KMeans+Unc Accuracy sequence:[0.09633333333333334, 0.09733333333333333, 0.11133333333333334, 0.179, 0.17533333333333334, 0.19033333333333333, 0.22633333333333333, 0.299, 0.351, 0.4066666666666667, 0.462, 0.5406666666666666, 0.6113333333333333, 0.668, 0.699, 0.72]
SubMod Selected batch sequence:[7, 14, 11, 0, 6, 4, 13, 9, 12, 8, 3, 10, 1, 2, 5]
SubMod Accuracy sequence:[0.09633333333333334, 0.09633333333333334, 0.09666666666666666, 0.09966666666666667, 0.164, 0.226, 0.318, 0.399, 0.47633333333333333, 0.5196666666666667, 0.5636666666666666, 0.6013333333333334, 0.6183333333333333, 0.6523333333333333, 0.6753333333333333, 0.7056666666666667]
Random Selected batch sequence:[1, 3, 13, 12, 11, 6, 5, 14, 2, 8, 7, 0, 9, 4, 10]
Random Accuracy sequence:[0.09633333333333334, 0.097, 0.108, 0.136, 0.18833333333333332, 0.24966666666666668, 0.19333333333333333, 0.26766666666666666, 0.39366666666666666, 0.49966666666666665, 0.5546666666666666, 0.6486666666666666, 0.686, 0.7016666666666667, 0.7253333333333334, 0.7346666666666667]
Entropy Selected batch sequence:[12, 13, 9, 0, 8, 3, 10, 6, 5, 1, 4, 14, 7, 11, 2]
Entropy Accuracy sequence:[0.09633333333333334, 0.09633333333333334, 0.09633333333333334, 0.10933333333333334, 0.13133333333333333, 0.14466666666666667, 0.16333333333333333, 0.17933333333333334, 0.20433333333333334, 0.198, 0.23666666666666666, 0.31533333333333335, 0.449, 0.534, 0.5946666666666667, 0.6396666666666667]
CoreSet Selected batch sequence:[2, 4, 11, 5, 14, 1, 6, 7, 0, 3, 8, 9, 12, 10, 13]
CoreSet Accuracy sequence:[0.09633333333333334, 0.097, 0.11166666666666666, 0.13, 0.25166666666666665, 0.42533333333333334, 0.5503333333333333, 0.5543333333333333, 0.659, 0.6993333333333334, 0.7176666666666667, 0.7286666666666667, 0.7363333333333333, 0.7526666666666667, 0.7573333333333333, 0.7576666666666667]
