KMeans Selected batch sequence:[11, 9, 2, 6, 4, 13, 3, 0, 10, 1, 12, 8, 5, 7, 14]
KMeans Accuracy sequence:[0.608, 0.7296666666666667, 0.7893333333333333, 0.8076666666666666, 0.8156666666666667, 0.8243333333333334, 0.837, 0.847, 0.8606666666666667, 0.8633333333333333, 0.87, 0.872, 0.8793333333333333, 0.8846666666666667, 0.886, 0.8876666666666667]
KMeans Scores:[1.655913474296601, 1.1512063536635204, 0.9656776456946007, 0.886419384068429, 0.90107491339788, 0.8183690515777634, 0.7279010458993058, 0.49844050700272624, 0.49027565203023815, 0.40769882011006164, 0.3627677675725819, 0.33715924783027446, 0.4078148643349379, 0.35410141897208575, 0.3952829413614301]
KMeans+Unc Selected batch sequence:[11, 5, 0, 6, 2, 3, 4, 10, 14, 13, 9, 1, 8, 7, 12]
KMeans+Unc Accuracy sequence:[0.608, 0.7246666666666667, 0.7893333333333333, 0.8016666666666666, 0.8123333333333334, 0.8293333333333334, 0.8356666666666667, 0.843, 0.848, 0.854, 0.868, 0.877, 0.8773333333333333, 0.8823333333333333, 0.8833333333333333, 0.8893333333333333]
KMeans+Unc Scores:[1.5007575964344446, 1.051739979179473, 0.871768101600574, 0.8969195860483564, 0.8500539063328147, 0.5646788178208716, 0.49746990921691436, 0.5228865591552214, 0.43605493232918024, 0.46174789921497406, 0.3754160374816407, 0.3037346469265286, 0.3227245978390836, 0.3106074583735311, 0.22940055725518796]
SubMod Selected batch sequence:[11, 9, 2, 6, 8, 0, 10, 4, 13, 3, 14, 1, 7, 5, 12]
SubMod Accuracy sequence:[0.608, 0.735, 0.7853333333333333, 0.8146666666666667, 0.82, 0.825, 0.829, 0.8353333333333334, 0.843, 0.857, 0.8613333333333333, 0.8666666666666667, 0.8703333333333333, 0.879, 0.879, 0.885]
SubMod Scores:[2.0758475524616946, 1.5213267902347793, 1.4086331044659361, 1.5721580858916935, 1.0409616667794168, 1.0904203704375113, 0.9129525108796914, 0.8336021976760648, 0.7155160100431018, 0.6430211424227301, 0.5879940882825153, 0.522752056671722, 0.42897802308179245, 0.39956957778765356, 0.30488874693034046]
Random Selected batch sequence:[11, 13, 5, 2, 1, 14, 8, 3, 12, 6, 9, 4, 0, 7, 10]
Random Accuracy sequence:[0.608, 0.7296666666666667, 0.7873333333333333, 0.796, 0.82, 0.826, 0.8386666666666667, 0.845, 0.8536666666666667, 0.857, 0.8603333333333333, 0.8726666666666667, 0.8716666666666667, 0.882, 0.8833333333333333, 0.8853333333333333]
Random Scores:[0.9290525317192078, 0.9727376103401184, 0.9829906821250916, 0.7977773547172546, 0.9226736426353455, 0.9517108798027039, 0.905709981918335, 0.8891704678535461, 0.8499574661254883, 0.7796906232833862, 0.5886040329933167, 0.8415011763572693, 0.6221269965171814, 0.967143177986145, 0.15836167335510254]
Entropy Selected batch sequence:[6, 3, 5, 2, 13, 4, 9, 1, 10, 14, 12, 7, 11, 8, 0]
Entropy Accuracy sequence:[0.608, 0.6746666666666666, 0.713, 0.781, 0.8096666666666666, 0.8283333333333334, 0.8376666666666667, 0.8506666666666667, 0.854, 0.8666666666666667, 0.8743333333333333, 0.8733333333333333, 0.8733333333333333, 0.876, 0.8803333333333333, 0.8883333333333333]
Entropy Scores:[1.7069272994995117, 1.1641302108764648, 0.8786131739616394, 0.784837007522583, 0.7009267807006836, 0.6092385649681091, 0.4321539103984833, 0.33911579847335815, 0.26270923018455505, 0.23773427307605743, 0.2021569013595581, 0.15879802405834198, 0.12908673286437988, 0.13137604296207428, 0.06045990064740181]
CoreSet Selected batch sequence:[13, 9, 8, 2, 1, 10, 11, 6, 12, 5, 4, 0, 14, 3, 7]
CoreSet Accuracy sequence:[0.608, 0.719, 0.7806666666666666, 0.7993333333333333, 0.8153333333333334, 0.8223333333333334, 0.835, 0.842, 0.8456666666666667, 0.8526666666666667, 0.8663333333333333, 0.8646666666666667, 0.8743333333333333, 0.879, 0.881, 0.8836666666666667]
CoreSet Scores:[23.47477082791217, 22.84935526498076, 22.137632040878056, 21.998967668859425, 21.947952612927182, 21.63688406301968, 21.317235884638567, 20.557124586558018, 20.53947058818646, 20.38074607042252, 20.173365045311918, 19.894461471904798, 19.719002343479985, 19.119868646952945, 17.927401207675764]
