KMeans Selected batch sequence:[5, 1, 13, 6, 0, 9, 3, 12, 7, 10, 11, 14, 8, 4, 2]
KMeans Accuracy sequence:[0.32866666666666666, 0.358, 0.44066666666666665, 0.47533333333333333, 0.48433333333333334, 0.49433333333333335, 0.5233333333333333, 0.5353333333333333, 0.5433333333333333, 0.5613333333333334, 0.565, 0.575, 0.5846666666666667, 0.5843333333333334, 0.587, 0.5946666666666667]
KMeans+Unc Selected batch sequence:[7, 13, 5, 14, 10, 1, 9, 11, 2, 6, 0, 12, 4, 3, 8]
KMeans+Unc Accuracy sequence:[0.32866666666666666, 0.42833333333333334, 0.466, 0.48333333333333334, 0.5013333333333333, 0.5123333333333333, 0.539, 0.559, 0.565, 0.577, 0.5806666666666667, 0.5893333333333334, 0.5866666666666667, 0.5896666666666667, 0.595, 0.5993333333333334]
SubMod Selected batch sequence:[9, 7, 11, 0, 13, 2, 5, 10, 14, 6, 3, 8, 12, 1, 4]
SubMod Accuracy sequence:[0.32866666666666666, 0.43366666666666664, 0.49966666666666665, 0.5053333333333333, 0.531, 0.5476666666666666, 0.559, 0.56, 0.566, 0.5786666666666667, 0.578, 0.5786666666666667, 0.582, 0.5816666666666667, 0.5923333333333334, 0.597]
Random Selected batch sequence:[10, 9, 13, 4, 11, 14, 8, 12, 7, 0, 5, 2, 3, 1, 6]
Random Accuracy sequence:[0.32866666666666666, 0.35133333333333333, 0.436, 0.4713333333333333, 0.48633333333333334, 0.49633333333333335, 0.5003333333333333, 0.512, 0.5156666666666667, 0.5446666666666666, 0.554, 0.5583333333333333, 0.562, 0.5643333333333334, 0.5753333333333334, 0.5793333333333334]
Entropy Selected batch sequence:[4, 1, 11, 3, 6, 13, 2, 10, 12, 14, 5, 0, 8, 9, 7]
Entropy Accuracy sequence:[0.32866666666666666, 0.34933333333333333, 0.43333333333333335, 0.464, 0.493, 0.497, 0.5146666666666667, 0.5273333333333333, 0.5306666666666666, 0.5376666666666666, 0.5416666666666666, 0.547, 0.5506666666666666, 0.558, 0.56, 0.569]
CoreSet Selected batch sequence:[7, 1, 9, 5, 14, 3, 11, 6, 8, 13, 2, 0, 12, 10, 4]
CoreSet Accuracy sequence:[0.32866666666666666, 0.43066666666666664, 0.5116666666666667, 0.5453333333333333, 0.5576666666666666, 0.569, 0.5806666666666667, 0.5873333333333334, 0.5893333333333334, 0.5936666666666667, 0.595, 0.598, 0.603, 0.605, 0.6103333333333333, 0.6073333333333333]
