KMeans Selected batch sequence:[19, 10, 12, 6, 14, 1, 20, 23, 4, 2, 18, 11, 24, 3, 5, 15, 8, 16, 13, 17, 9, 7, 22, 21, 0]
KMeans Accuracy sequence:[0.24833333333333332, 0.4503333333333333, 0.5986666666666667, 0.6876666666666666, 0.747, 0.7786666666666666, 0.8006666666666666, 0.817, 0.8286666666666667, 0.8366666666666667, 0.8473333333333334, 0.8556666666666667, 0.8623333333333333, 0.8673333333333333, 0.8743333333333333, 0.878, 0.881, 0.8846666666666667, 0.887, 0.8893333333333333, 0.8903333333333333, 0.8943333333333333, 0.8973333333333333, 0.8963333333333333, 0.8983333333333333, 0.9003333333333333]
KMeans+Unc Selected batch sequence:[8, 12, 6, 20, 9, 11, 19, 1, 7, 4, 3, 14, 5, 21, 24, 16, 13, 10, 2, 17, 23, 22, 0, 18, 15]
KMeans+Unc Accuracy sequence:[0.24833333333333332, 0.49466666666666664, 0.6316666666666667, 0.712, 0.7546666666666667, 0.792, 0.813, 0.8223333333333334, 0.835, 0.844, 0.8506666666666667, 0.8603333333333333, 0.8656666666666667, 0.8733333333333333, 0.8783333333333333, 0.88, 0.885, 0.8876666666666667, 0.8903333333333333, 0.8943333333333333, 0.896, 0.8986666666666666, 0.8986666666666666, 0.9, 0.9, 0.9016666666666666]
SubMod Selected batch sequence:[19, 8, 9, 4, 16, 14, 20, 11, 13, 17, 10, 6, 24, 1, 18, 21, 22, 23, 7, 15, 2, 5, 12, 0, 3]
SubMod Accuracy sequence:[0.24833333333333332, 0.43533333333333335, 0.5966666666666667, 0.673, 0.7253333333333334, 0.767, 0.7943333333333333, 0.8153333333333334, 0.8316666666666667, 0.8413333333333334, 0.8543333333333333, 0.8613333333333333, 0.8676666666666667, 0.8743333333333333, 0.878, 0.8806666666666667, 0.8843333333333333, 0.8856666666666667, 0.8883333333333333, 0.891, 0.8913333333333333, 0.8953333333333333, 0.896, 0.8993333333333333, 0.8993333333333333, 0.9026666666666666]
Random Selected batch sequence:[8, 23, 0, 19, 3, 20, 21, 12, 4, 2, 16, 17, 15, 11, 5, 18, 10, 7, 24, 1, 13, 6, 14, 22, 9]
Random Accuracy sequence:[0.24833333333333332, 0.46266666666666667, 0.6263333333333333, 0.6823333333333333, 0.723, 0.777, 0.805, 0.826, 0.8386666666666667, 0.847, 0.8516666666666667, 0.8633333333333333, 0.868, 0.871, 0.877, 0.8793333333333333, 0.8833333333333333, 0.8866666666666667, 0.8876666666666667, 0.8923333333333333, 0.894, 0.8973333333333333, 0.8986666666666666, 0.8996666666666666, 0.903, 0.9036666666666666]
Entropy Selected batch sequence:[14, 6, 1, 4, 11, 12, 19, 8, 18, 3, 20, 2, 23, 24, 9, 5, 17, 16, 15, 10, 22, 7, 13, 21, 0]
Entropy Accuracy sequence:[0.24833333333333332, 0.48433333333333334, 0.631, 0.6896666666666667, 0.731, 0.7793333333333333, 0.8013333333333333, 0.8153333333333334, 0.8296666666666667, 0.8376666666666667, 0.8493333333333334, 0.8573333333333333, 0.8676666666666667, 0.8726666666666667, 0.876, 0.8813333333333333, 0.8856666666666667, 0.889, 0.8913333333333333, 0.8926666666666667, 0.8953333333333333, 0.8983333333333333, 0.8996666666666666, 0.902, 0.9013333333333333, 0.904]
CoreSet Selected batch sequence:[17, 3, 15, 1, 24, 19, 18, 11, 20, 8, 7, 5, 4, 2, 14, 21, 9, 13, 23, 0, 10, 12, 16, 22, 6]
CoreSet Accuracy sequence:[0.24833333333333332, 0.43333333333333335, 0.6433333333333333, 0.7146666666666667, 0.757, 0.7946666666666666, 0.8083333333333333, 0.8163333333333334, 0.831, 0.8423333333333334, 0.8516666666666667, 0.8586666666666667, 0.867, 0.8746666666666667, 0.8743333333333333, 0.8803333333333333, 0.8836666666666667, 0.8856666666666667, 0.8893333333333333, 0.892, 0.8933333333333333, 0.8943333333333333, 0.899, 0.901, 0.903, 0.9013333333333333]
