KMeans Selected batch sequence:[12, 7, 4, 2, 8, 9, 14, 5, 13, 1, 3, 11, 6, 0, 10]
KMeans Accuracy sequence:[0.302, 0.39866666666666667, 0.4713333333333333, 0.48833333333333334, 0.5253333333333333, 0.539, 0.5693333333333334, 0.5836666666666667, 0.5933333333333334, 0.6033333333333334, 0.608, 0.6116666666666667, 0.6256666666666667, 0.632, 0.6363333333333333, 0.6403333333333333]
KMeans+Unc Selected batch sequence:[12, 4, 3, 1, 9, 13, 2, 7, 14, 10, 8, 11, 0, 5, 6]
KMeans+Unc Accuracy sequence:[0.302, 0.395, 0.398, 0.43466666666666665, 0.463, 0.495, 0.535, 0.5556666666666666, 0.5736666666666667, 0.59, 0.5966666666666667, 0.603, 0.6083333333333333, 0.623, 0.6256666666666667, 0.6266666666666667]
SubMod Selected batch sequence:[9, 12, 7, 4, 0, 5, 1, 14, 3, 6, 8, 13, 11, 2, 10]
SubMod Accuracy sequence:[0.302, 0.406, 0.483, 0.5423333333333333, 0.5553333333333333, 0.5753333333333334, 0.5963333333333334, 0.6123333333333333, 0.6173333333333333, 0.6256666666666667, 0.6306666666666667, 0.629, 0.6376666666666667, 0.6466666666666666, 0.643, 0.648]
Random Selected batch sequence:[9, 4, 8, 2, 11, 3, 10, 0, 14, 13, 12, 5, 7, 6, 1]
Random Accuracy sequence:[0.302, 0.4066666666666667, 0.417, 0.45766666666666667, 0.49, 0.5086666666666667, 0.517, 0.5273333333333333, 0.5503333333333333, 0.5663333333333334, 0.577, 0.5906666666666667, 0.6026666666666667, 0.609, 0.6166666666666667, 0.6226666666666667]
Entropy Selected batch sequence:[4, 8, 12, 9, 13, 7, 10, 0, 14, 2, 3, 11, 5, 6, 1]
Entropy Accuracy sequence:[0.302, 0.266, 0.374, 0.44633333333333336, 0.497, 0.53, 0.5656666666666667, 0.582, 0.598, 0.6126666666666667, 0.622, 0.6293333333333333, 0.6363333333333333, 0.641, 0.6413333333333333, 0.645]
CoreSet Selected batch sequence:[12, 7, 10, 0, 8, 9, 13, 5, 11, 3, 14, 6, 2, 1, 4]
CoreSet Accuracy sequence:[0.302, 0.3963333333333333, 0.474, 0.5226666666666666, 0.5696666666666667, 0.591, 0.6073333333333333, 0.62, 0.634, 0.6396666666666667, 0.643, 0.6503333333333333, 0.6486666666666666, 0.656, 0.6596666666666666, 0.654]
