KMeans Selected batch sequence:[11, 4, 9, 14, 0, 10, 6, 13, 12, 3, 5, 1, 2, 8, 7]
KMeans Accuracy sequence:[0.178, 0.4543333333333333, 0.5143333333333333, 0.543, 0.5626666666666666, 0.576, 0.5993333333333334, 0.6026666666666667, 0.6116666666666667, 0.6296666666666667, 0.638, 0.6363333333333333, 0.6466666666666666, 0.661, 0.6663333333333333, 0.6723333333333333]
KMeans+Unc Selected batch sequence:[6, 0, 9, 11, 7, 5, 14, 1, 2, 13, 12, 3, 4, 10, 8]
KMeans+Unc Accuracy sequence:[0.178, 0.42766666666666664, 0.5353333333333333, 0.558, 0.572, 0.5916666666666667, 0.5986666666666667, 0.622, 0.6283333333333333, 0.6406666666666667, 0.645, 0.6446666666666667, 0.6566666666666666, 0.6666666666666666, 0.6603333333333333, 0.671]
SubMod Selected batch sequence:[11, 14, 0, 6, 5, 8, 12, 7, 4, 1, 9, 10, 3, 2, 13]
SubMod Accuracy sequence:[0.178, 0.461, 0.514, 0.5436666666666666, 0.5596666666666666, 0.5996666666666667, 0.6263333333333333, 0.646, 0.6523333333333333, 0.655, 0.6693333333333333, 0.6673333333333333, 0.669, 0.6903333333333334, 0.686, 0.6966666666666667]
Random Selected batch sequence:[6, 4, 7, 2, 1, 5, 10, 9, 14, 8, 13, 3, 11, 0, 12]
Random Accuracy sequence:[0.178, 0.42233333333333334, 0.4856666666666667, 0.5693333333333334, 0.5843333333333334, 0.605, 0.618, 0.6206666666666667, 0.626, 0.6273333333333333, 0.6526666666666666, 0.6626666666666666, 0.672, 0.6706666666666666, 0.6736666666666666, 0.6736666666666666]
Entropy Selected batch sequence:[14, 0, 8, 5, 2, 9, 12, 13, 4, 11, 6, 3, 10, 1, 7]
Entropy Accuracy sequence:[0.178, 0.458, 0.49766666666666665, 0.5833333333333334, 0.599, 0.6176666666666667, 0.6313333333333333, 0.6563333333333333, 0.6546666666666666, 0.661, 0.6666666666666666, 0.674, 0.6856666666666666, 0.6963333333333334, 0.6863333333333334, 0.6913333333333334]
CoreSet Selected batch sequence:[9, 6, 4, 14, 11, 12, 1, 13, 10, 2, 0, 7, 5, 8, 3]
CoreSet Accuracy sequence:[0.178, 0.45, 0.49066666666666664, 0.5143333333333333, 0.5506666666666666, 0.5843333333333334, 0.5886666666666667, 0.6036666666666667, 0.6073333333333333, 0.625, 0.6313333333333333, 0.6353333333333333, 0.629, 0.6363333333333333, 0.658, 0.676]
