KMeans Selected batch sequence:[11, 6, 3, 2, 4, 13, 9, 0, 14, 10, 12, 5, 8, 1, 7]
KMeans Accuracy sequence:[0.608, 0.736, 0.7723333333333333, 0.7893333333333333, 0.8106666666666666, 0.8173333333333334, 0.832, 0.8496666666666667, 0.8576666666666667, 0.8603333333333333, 0.864, 0.8633333333333333, 0.8783333333333333, 0.8796666666666667, 0.8816666666666667, 0.88]
KMeans Scores:[1.4658850367436274, 1.0841303959134558, 0.9939236338149067, 0.9855099275019563, 0.9182798446674499, 0.8711166084745283, 0.6663459233046768, 0.5271866854397238, 0.4476074578216438, 0.41726517041248046, 0.3565867658212177, 0.36048486091730203, 0.3568795209114838, 0.3272674123058037, 0.3217853155822512]
KMeans+Unc Selected batch sequence:[11, 3, 0, 6, 2, 4, 5, 14, 13, 10, 9, 8, 1, 7, 12]
KMeans+Unc Accuracy sequence:[0.608, 0.745, 0.772, 0.7716666666666666, 0.7963333333333333, 0.8026666666666666, 0.825, 0.844, 0.851, 0.8556666666666667, 0.8616666666666667, 0.869, 0.8683333333333333, 0.874, 0.8763333333333333, 0.8773333333333333]
KMeans+Unc Scores:[1.3554975218394554, 0.9771883333244662, 0.8470345094426112, 0.79400789603929, 0.7975009591354535, 0.7023758094238893, 0.5346997823029761, 0.4699779633344589, 0.48883353773636884, 0.4436408905420573, 0.3978903764824674, 0.338846173827999, 0.2854495806073052, 0.26286057962145437, 0.24596595967011337]
SubMod Selected batch sequence:[11, 9, 2, 6, 0, 8, 3, 4, 13, 10, 14, 1, 5, 7, 12]
SubMod Accuracy sequence:[0.608, 0.7496666666666667, 0.775, 0.805, 0.8166666666666667, 0.8213333333333334, 0.828, 0.834, 0.8506666666666667, 0.8633333333333333, 0.8656666666666667, 0.86, 0.872, 0.8793333333333333, 0.882, 0.8826666666666667]
SubMod Scores:[1.8556858179403057, 1.3965245604950538, 1.4079462237060414, 1.4414265082792341, 1.0833137290265964, 0.9868894331168531, 0.9444927876012632, 0.8720263828080188, 0.8294105724944153, 0.7114313005779273, 0.5913359625363092, 0.5448676693964893, 0.45655459412748317, 0.34962613499180506, 0.25697095354888344]
Random Selected batch sequence:[10, 0, 14, 5, 4, 2, 7, 12, 8, 9, 1, 3, 11, 13, 6]
Random Accuracy sequence:[0.608, 0.7303333333333333, 0.7576666666666667, 0.7706666666666667, 0.796, 0.8146666666666667, 0.8293333333333334, 0.8373333333333334, 0.8433333333333334, 0.8503333333333334, 0.8586666666666667, 0.8646666666666667, 0.8706666666666667, 0.8783333333333333, 0.8816666666666667, 0.882]
Random Scores:[0.9846047759056091, 0.9145145416259766, 0.9580187201499939, 0.8921153545379639, 0.9220475554466248, 0.9394179582595825, 0.7200317978858948, 0.9972578883171082, 0.8910430669784546, 0.9796906113624573, 0.85271155834198, 0.8818855285644531, 0.9724312424659729, 0.47431886196136475, 0.660693347454071]
Entropy Selected batch sequence:[6, 3, 13, 2, 4, 9, 1, 10, 12, 5, 11, 7, 14, 8, 0]
Entropy Accuracy sequence:[0.608, 0.6963333333333334, 0.7216666666666667, 0.7746666666666666, 0.805, 0.824, 0.846, 0.852, 0.8556666666666667, 0.8566666666666667, 0.8623333333333333, 0.865, 0.866, 0.8703333333333333, 0.8763333333333333, 0.8836666666666667]
Entropy Scores:[1.5604323148727417, 1.0122965574264526, 0.8188322186470032, 0.6996889114379883, 0.5443755388259888, 0.4504331648349762, 0.360596626996994, 0.3065062463283539, 0.2684147357940674, 0.2570520043373108, 0.2581065595149994, 0.18690870702266693, 0.15275681018829346, 0.10741130262613297, 0.05900731310248375]
CoreSet Selected batch sequence:[13, 9, 8, 2, 1, 10, 11, 6, 12, 5, 4, 0, 14, 3, 7]
CoreSet Accuracy sequence:[0.608, 0.7303333333333333, 0.783, 0.7946666666666666, 0.805, 0.8193333333333334, 0.825, 0.838, 0.8383333333333334, 0.841, 0.8503333333333334, 0.8563333333333333, 0.87, 0.868, 0.8756666666666667, 0.8793333333333333]
CoreSet Scores:[23.47477082791217, 22.84935526498076, 22.137632040878056, 21.998967668859425, 21.947952612927182, 21.63688406301968, 21.317235884638567, 20.557124586558018, 20.53947058818646, 20.38074607042252, 20.173365045311918, 19.894461471904798, 19.719002343479985, 19.119868646952945, 17.927401207675764]
