KMeans Selected batch sequence:[9, 14, 3, 13, 6, 12, 0, 2, 4, 1, 5, 7, 10, 11, 8]
KMeans Accuracy sequence:[0.28933333333333333, 0.30266666666666664, 0.316, 0.3506666666666667, 0.3556666666666667, 0.33, 0.3383333333333333, 0.3453333333333333, 0.355, 0.36333333333333334, 0.374, 0.446, 0.4836666666666667, 0.5123333333333333, 0.525, 0.5486666666666666]
KMeans+Unc Selected batch sequence:[13, 14, 6, 7, 9, 2, 0, 11, 1, 3, 4, 12, 10, 5, 8]
KMeans+Unc Accuracy sequence:[0.28933333333333333, 0.27566666666666667, 0.293, 0.26966666666666667, 0.35633333333333334, 0.38166666666666665, 0.39866666666666667, 0.41733333333333333, 0.43933333333333335, 0.45166666666666666, 0.4693333333333333, 0.48233333333333334, 0.49, 0.518, 0.545, 0.565]
SubMod Selected batch sequence:[13, 4, 9, 7, 11, 8, 2, 3, 14, 0, 12, 1, 5, 10, 6]
SubMod Accuracy sequence:[0.28933333333333333, 0.276, 0.315, 0.3363333333333333, 0.371, 0.38266666666666665, 0.431, 0.45466666666666666, 0.4723333333333333, 0.49333333333333335, 0.5033333333333333, 0.5133333333333333, 0.5243333333333333, 0.5446666666666666, 0.5643333333333334, 0.57]
Random Selected batch sequence:[14, 6, 0, 13, 9, 4, 10, 2, 5, 11, 7, 8, 1, 12, 3]
Random Accuracy sequence:[0.28933333333333333, 0.288, 0.26466666666666666, 0.279, 0.2906666666666667, 0.30933333333333335, 0.3243333333333333, 0.3973333333333333, 0.4216666666666667, 0.465, 0.496, 0.5166666666666667, 0.5336666666666666, 0.5466666666666666, 0.5626666666666666, 0.5713333333333334]
Entropy Selected batch sequence:[13, 12, 3, 1, 14, 0, 4, 2, 9, 6, 7, 11, 8, 5, 10]
Entropy Accuracy sequence:[0.28933333333333333, 0.2783333333333333, 0.319, 0.3406666666666667, 0.35833333333333334, 0.3546666666666667, 0.36733333333333335, 0.381, 0.39566666666666667, 0.40066666666666667, 0.38366666666666666, 0.424, 0.4553333333333333, 0.4673333333333333, 0.502, 0.526]
CoreSet Selected batch sequence:[5, 8, 7, 10, 6, 11, 14, 3, 1, 9, 4, 13, 12, 0, 2]
CoreSet Accuracy sequence:[0.28933333333333333, 0.41833333333333333, 0.486, 0.5236666666666666, 0.5626666666666666, 0.5716666666666667, 0.5903333333333334, 0.5956666666666667, 0.6103333333333333, 0.6133333333333333, 0.6166666666666667, 0.6263333333333333, 0.6286666666666667, 0.627, 0.632, 0.6293333333333333]
