KMeans Selected batch sequence:[4, 3, 0, 14, 10, 12, 11, 5, 8, 6, 9, 13, 1, 2, 7]
KMeans Accuracy sequence:[0.38166666666666665, 0.489, 0.516, 0.539, 0.56, 0.567, 0.5946666666666667, 0.6026666666666667, 0.629, 0.6293333333333333, 0.6353333333333333, 0.6476666666666666, 0.6553333333333333, 0.6586666666666666, 0.6623333333333333, 0.6693333333333333]
KMeans+Unc Selected batch sequence:[4, 11, 14, 7, 12, 9, 13, 1, 3, 5, 10, 6, 2, 8, 0]
KMeans+Unc Accuracy sequence:[0.38166666666666665, 0.49, 0.5183333333333333, 0.543, 0.5626666666666666, 0.5863333333333334, 0.5943333333333334, 0.6043333333333333, 0.6283333333333333, 0.6346666666666667, 0.6453333333333333, 0.652, 0.6513333333333333, 0.653, 0.668, 0.6743333333333333]
SubMod Selected batch sequence:[5, 8, 14, 3, 7, 10, 6, 12, 0, 2, 1, 11, 9, 13, 4]
SubMod Accuracy sequence:[0.38166666666666665, 0.477, 0.5123333333333333, 0.532, 0.56, 0.5746666666666667, 0.5836666666666667, 0.603, 0.6056666666666667, 0.619, 0.6246666666666667, 0.6306666666666667, 0.6463333333333333, 0.6493333333333333, 0.6496666666666666, 0.6616666666666666]
Random Selected batch sequence:[12, 9, 3, 1, 7, 5, 6, 0, 14, 4, 11, 2, 13, 10, 8]
Random Accuracy sequence:[0.38166666666666665, 0.4796666666666667, 0.5053333333333333, 0.5336666666666666, 0.5456666666666666, 0.5646666666666667, 0.5823333333333334, 0.5953333333333334, 0.599, 0.6213333333333333, 0.6303333333333333, 0.6223333333333333, 0.6386666666666667, 0.6473333333333333, 0.6376666666666667, 0.6576666666666666]
Entropy Selected batch sequence:[3, 6, 0, 12, 2, 14, 4, 10, 7, 9, 8, 5, 11, 13, 1]
Entropy Accuracy sequence:[0.38166666666666665, 0.47633333333333333, 0.5163333333333333, 0.5363333333333333, 0.5593333333333333, 0.5773333333333334, 0.5803333333333334, 0.6016666666666667, 0.608, 0.6076666666666667, 0.6256666666666667, 0.633, 0.6483333333333333, 0.6516666666666666, 0.6483333333333333, 0.6543333333333333]
CoreSet Selected batch sequence:[12, 9, 11, 7, 14, 1, 6, 13, 8, 3, 4, 0, 10, 5, 2]
CoreSet Accuracy sequence:[0.38166666666666665, 0.48333333333333334, 0.51, 0.5313333333333333, 0.549, 0.569, 0.585, 0.605, 0.6103333333333333, 0.6196666666666667, 0.626, 0.634, 0.636, 0.6453333333333333, 0.6536666666666666, 0.6593333333333333]
