KMeans Selected batch sequence:[13, 5, 8, 0, 9, 3, 14, 2, 4, 11, 6, 1, 10, 7, 12]
KMeans Accuracy sequence:[0.299, 0.3423333333333333, 0.36533333333333334, 0.36833333333333335, 0.387, 0.40066666666666667, 0.4056666666666667, 0.4106666666666667, 0.4186666666666667, 0.429, 0.442, 0.425, 0.46366666666666667, 0.487, 0.5203333333333333, 0.5433333333333333]
KMeans+Unc Selected batch sequence:[13, 5, 8, 14, 3, 9, 12, 2, 0, 4, 10, 6, 7, 1, 11]
KMeans+Unc Accuracy sequence:[0.299, 0.3453333333333333, 0.36666666666666664, 0.37766666666666665, 0.38966666666666666, 0.395, 0.4053333333333333, 0.44766666666666666, 0.4676666666666667, 0.476, 0.49066666666666664, 0.5133333333333333, 0.5143333333333333, 0.5283333333333333, 0.5453333333333333, 0.558]
SubMod Selected batch sequence:[5, 13, 9, 14, 10, 7, 6, 8, 11, 3, 0, 1, 4, 2, 12]
SubMod Accuracy sequence:[0.299, 0.3436666666666667, 0.374, 0.40066666666666667, 0.4056666666666667, 0.42333333333333334, 0.4713333333333333, 0.484, 0.49266666666666664, 0.5166666666666667, 0.52, 0.5326666666666666, 0.5483333333333333, 0.5566666666666666, 0.564, 0.581]
Random Selected batch sequence:[11, 1, 5, 14, 3, 6, 10, 9, 8, 7, 0, 4, 12, 13, 2]
Random Accuracy sequence:[0.299, 0.3883333333333333, 0.4826666666666667, 0.515, 0.5336666666666666, 0.5446666666666666, 0.5303333333333333, 0.555, 0.572, 0.5823333333333334, 0.592, 0.6016666666666667, 0.6, 0.6123333333333333, 0.615, 0.6163333333333333]
Entropy Selected batch sequence:[9, 13, 0, 8, 2, 14, 5, 3, 4, 10, 6, 1, 12, 11, 7]
Entropy Accuracy sequence:[0.299, 0.36033333333333334, 0.381, 0.399, 0.39666666666666667, 0.409, 0.41133333333333333, 0.41833333333333333, 0.427, 0.434, 0.4593333333333333, 0.45466666666666666, 0.487, 0.516, 0.536, 0.5546666666666666]
CoreSet Selected batch sequence:[12, 6, 11, 10, 1, 7, 8, 0, 3, 13, 5, 4, 2, 14, 9]
CoreSet Accuracy sequence:[0.299, 0.39866666666666667, 0.411, 0.4673333333333333, 0.5256666666666666, 0.561, 0.5833333333333334, 0.5946666666666667, 0.602, 0.608, 0.6093333333333333, 0.6136666666666667, 0.6206666666666667, 0.618, 0.6253333333333333, 0.625]
