KMeans Selected batch sequence:[5, 11, 3, 2, 13, 6, 0, 9, 1, 12, 10, 14, 8, 4, 7]
KMeans Accuracy sequence:[0.6166666666666667, 0.7346666666666667, 0.7923333333333333, 0.8063333333333333, 0.8233333333333334, 0.838, 0.8433333333333334, 0.8586666666666667, 0.871, 0.8756666666666667, 0.8803333333333333, 0.881, 0.887, 0.8893333333333333, 0.8886666666666667, 0.894]
KMeans+Unc Selected batch sequence:[11, 6, 2, 9, 0, 8, 3, 4, 10, 13, 5, 14, 12, 7, 1]
KMeans+Unc Accuracy sequence:[0.6166666666666667, 0.73, 0.7766666666666666, 0.795, 0.8193333333333334, 0.8273333333333334, 0.8333333333333334, 0.8376666666666667, 0.851, 0.8546666666666667, 0.8646666666666667, 0.875, 0.878, 0.8856666666666667, 0.8866666666666667, 0.894]
SubMod Selected batch sequence:[11, 2, 6, 9, 0, 10, 4, 8, 3, 13, 12, 14, 5, 7, 1]
SubMod Accuracy sequence:[0.6166666666666667, 0.739, 0.7833333333333333, 0.8043333333333333, 0.8236666666666667, 0.833, 0.851, 0.8533333333333334, 0.8533333333333334, 0.859, 0.8676666666666667, 0.871, 0.8743333333333333, 0.8823333333333333, 0.8836666666666667, 0.8906666666666667]
Random Selected batch sequence:[11, 5, 7, 9, 4, 10, 3, 8, 0, 13, 14, 2, 6, 12, 1]
Random Accuracy sequence:[0.6166666666666667, 0.7126666666666667, 0.7903333333333333, 0.8043333333333333, 0.8206666666666667, 0.8186666666666667, 0.836, 0.835, 0.8396666666666667, 0.8493333333333334, 0.8623333333333333, 0.8656666666666667, 0.87, 0.8773333333333333, 0.885, 0.8943333333333333]
Entropy Selected batch sequence:[6, 3, 9, 13, 2, 0, 4, 1, 12, 10, 5, 14, 7, 11, 8]
Entropy Accuracy sequence:[0.6166666666666667, 0.6716666666666666, 0.7203333333333334, 0.7686666666666667, 0.8133333333333334, 0.831, 0.8453333333333334, 0.8533333333333334, 0.8613333333333333, 0.8673333333333333, 0.8713333333333333, 0.8743333333333333, 0.8813333333333333, 0.8883333333333333, 0.8843333333333333, 0.8916666666666667]
CoreSet Selected batch sequence:[13, 9, 8, 2, 1, 10, 11, 6, 12, 5, 4, 0, 14, 3, 7]
CoreSet Accuracy sequence:[0.6166666666666667, 0.7223333333333334, 0.7773333333333333, 0.7953333333333333, 0.8143333333333334, 0.826, 0.8383333333333334, 0.8423333333333334, 0.845, 0.854, 0.8623333333333333, 0.8726666666666667, 0.8756666666666667, 0.8813333333333333, 0.8893333333333333, 0.889]
