KMeans Selected batch sequence:[9, 8, 3, 12, 1, 6, 14, 7, 2, 11, 4, 0, 13, 5, 10]
KMeans Accuracy sequence:[0.30133333333333334, 0.38766666666666666, 0.42533333333333334, 0.4713333333333333, 0.504, 0.5263333333333333, 0.5316666666666666, 0.548, 0.5626666666666666, 0.5693333333333334, 0.571, 0.5743333333333334, 0.5806666666666667, 0.5983333333333334, 0.6046666666666667, 0.608]
KMeans+Unc Selected batch sequence:[12, 3, 13, 4, 7, 11, 1, 8, 5, 9, 0, 14, 6, 10, 2]
KMeans+Unc Accuracy sequence:[0.30133333333333334, 0.435, 0.47533333333333333, 0.516, 0.5156666666666667, 0.5373333333333333, 0.543, 0.5443333333333333, 0.5456666666666666, 0.556, 0.5713333333333334, 0.583, 0.5956666666666667, 0.598, 0.6023333333333334, 0.607]
SubMod Selected batch sequence:[0, 14, 8, 1, 2, 13, 3, 10, 7, 5, 11, 4, 6, 12, 9]
SubMod Accuracy sequence:[0.30133333333333334, 0.43533333333333335, 0.5096666666666667, 0.5393333333333333, 0.558, 0.571, 0.5846666666666667, 0.5876666666666667, 0.5936666666666667, 0.6, 0.6046666666666667, 0.6003333333333334, 0.6013333333333334, 0.599, 0.6066666666666667, 0.6156666666666667]
Random Selected batch sequence:[2, 12, 6, 9, 0, 11, 7, 10, 14, 4, 5, 1, 13, 3, 8]
Random Accuracy sequence:[0.30133333333333334, 0.34833333333333333, 0.42766666666666664, 0.461, 0.49666666666666665, 0.532, 0.542, 0.5573333333333333, 0.5616666666666666, 0.575, 0.5796666666666667, 0.5873333333333334, 0.59, 0.598, 0.602, 0.608]
Entropy Selected batch sequence:[11, 10, 7, 8, 3, 2, 5, 1, 4, 6, 14, 12, 13, 9, 0]
Entropy Accuracy sequence:[0.30133333333333334, 0.348, 0.36433333333333334, 0.38366666666666666, 0.39, 0.402, 0.4106666666666667, 0.428, 0.433, 0.43333333333333335, 0.432, 0.47433333333333333, 0.494, 0.5116666666666667, 0.5363333333333333, 0.5513333333333333]
CoreSet Selected batch sequence:[9, 13, 0, 14, 12, 4, 8, 2, 5, 10, 11, 3, 7, 6, 1]
CoreSet Accuracy sequence:[0.30133333333333334, 0.3873333333333333, 0.482, 0.5243333333333333, 0.5543333333333333, 0.576, 0.582, 0.5996666666666667, 0.6043333333333333, 0.6106666666666667, 0.615, 0.612, 0.6176666666666667, 0.6203333333333333, 0.6216666666666667, 0.6263333333333333]
