KMeans Selected batch sequence:[11, 6, 3, 2, 4, 13, 9, 0, 10, 8, 5, 14, 12, 1, 7]
KMeans Accuracy sequence:[0.6176666666666667, 0.755, 0.7883333333333333, 0.8003333333333333, 0.8293333333333334, 0.8313333333333334, 0.8513333333333334, 0.8643333333333333, 0.873, 0.879, 0.8766666666666667, 0.8853333333333333, 0.887, 0.8956666666666667, 0.897, 0.8963333333333333]
KMeans+Unc Selected batch sequence:[11, 6, 2, 8, 0, 5, 3, 13, 9, 10, 4, 14, 1, 7, 12]
KMeans+Unc Accuracy sequence:[0.6176666666666667, 0.7463333333333333, 0.783, 0.8053333333333333, 0.8133333333333334, 0.8213333333333334, 0.8493333333333334, 0.8546666666666667, 0.866, 0.8766666666666667, 0.879, 0.8803333333333333, 0.8856666666666667, 0.8883333333333333, 0.8913333333333333, 0.892]
SubMod Selected batch sequence:[11, 9, 2, 6, 0, 3, 8, 4, 10, 13, 14, 1, 5, 7, 12]
SubMod Accuracy sequence:[0.6176666666666667, 0.7416666666666667, 0.7943333333333333, 0.8163333333333334, 0.826, 0.8373333333333334, 0.8446666666666667, 0.8556666666666667, 0.8593333333333333, 0.8616666666666667, 0.8766666666666667, 0.8763333333333333, 0.8856666666666667, 0.8903333333333333, 0.892, 0.8943333333333333]
Random Selected batch sequence:[1, 3, 12, 5, 7, 9, 8, 10, 14, 4, 0, 2, 11, 13, 6]
Random Accuracy sequence:[0.6176666666666667, 0.7093333333333334, 0.7603333333333333, 0.803, 0.814, 0.8273333333333334, 0.8393333333333334, 0.8416666666666667, 0.8476666666666667, 0.8536666666666667, 0.8516666666666667, 0.8666666666666667, 0.8723333333333333, 0.8776666666666667, 0.888, 0.891]
Entropy Selected batch sequence:[6, 3, 13, 2, 4, 9, 1, 10, 5, 12, 11, 7, 0, 14, 8]
Entropy Accuracy sequence:[0.6176666666666667, 0.6813333333333333, 0.7196666666666667, 0.785, 0.82, 0.827, 0.8483333333333334, 0.8583333333333333, 0.864, 0.8716666666666667, 0.8773333333333333, 0.875, 0.8773333333333333, 0.889, 0.8893333333333333, 0.8933333333333333]
CoreSet Selected batch sequence:[13, 9, 8, 2, 1, 10, 11, 6, 12, 5, 4, 0, 14, 3, 7]
CoreSet Accuracy sequence:[0.6176666666666667, 0.74, 0.788, 0.7973333333333333, 0.8066666666666666, 0.8253333333333334, 0.836, 0.8456666666666667, 0.8596666666666667, 0.861, 0.8726666666666667, 0.87, 0.8816666666666667, 0.8813333333333333, 0.887, 0.8926666666666667]
