KMeans Selected batch sequence:[1, 10, 8, 7, 11, 4, 6, 14, 0, 9, 13, 2, 3, 12, 5]
KMeans Accuracy sequence:[0.30033333333333334, 0.36133333333333334, 0.381, 0.4033333333333333, 0.416, 0.42966666666666664, 0.4563333333333333, 0.45566666666666666, 0.491, 0.512, 0.5326666666666666, 0.5496666666666666, 0.5693333333333334, 0.5826666666666667, 0.595, 0.6086666666666667]
KMeans+Unc Selected batch sequence:[8, 12, 6, 7, 11, 10, 4, 9, 13, 14, 1, 0, 2, 3, 5]
KMeans+Unc Accuracy sequence:[0.30033333333333334, 0.354, 0.38966666666666666, 0.4256666666666667, 0.4523333333333333, 0.4643333333333333, 0.473, 0.5026666666666667, 0.5293333333333333, 0.5486666666666666, 0.566, 0.5766666666666667, 0.5896666666666667, 0.6016666666666667, 0.6046666666666667, 0.6156666666666667]
SubMod Selected batch sequence:[14, 2, 11, 6, 7, 10, 4, 8, 3, 1, 0, 9, 5, 13, 12]
SubMod Accuracy sequence:[0.30033333333333334, 0.388, 0.481, 0.5036666666666667, 0.5306666666666666, 0.546, 0.5506666666666666, 0.5656666666666667, 0.574, 0.5876666666666667, 0.593, 0.6063333333333333, 0.6153333333333333, 0.631, 0.635, 0.6396666666666667]
Random Selected batch sequence:[9, 1, 2, 10, 8, 14, 11, 5, 3, 6, 12, 13, 7, 0, 4]
Random Accuracy sequence:[0.30033333333333334, 0.4063333333333333, 0.45066666666666666, 0.5026666666666667, 0.5236666666666666, 0.5343333333333333, 0.5546666666666666, 0.5596666666666666, 0.5716666666666667, 0.588, 0.598, 0.6123333333333333, 0.618, 0.6243333333333333, 0.6336666666666667, 0.643]
Entropy Selected batch sequence:[1, 8, 10, 11, 6, 7, 4, 13, 14, 9, 12, 2, 0, 5, 3]
Entropy Accuracy sequence:[0.30033333333333334, 0.3586666666666667, 0.39266666666666666, 0.407, 0.42, 0.393, 0.4076666666666667, 0.445, 0.47333333333333333, 0.5093333333333333, 0.5276666666666666, 0.539, 0.5573333333333333, 0.5786666666666667, 0.6013333333333334, 0.6043333333333333]
CoreSet Selected batch sequence:[4, 13, 5, 2, 0, 3, 9, 14, 12, 7, 8, 1, 6, 10, 11]
CoreSet Accuracy sequence:[0.30033333333333334, 0.422, 0.489, 0.5286666666666666, 0.5546666666666666, 0.5826666666666667, 0.5983333333333334, 0.6176666666666667, 0.6226666666666667, 0.6346666666666667, 0.634, 0.6406666666666667, 0.6423333333333333, 0.6513333333333333, 0.652, 0.6563333333333333]
