KMeans Selected batch sequence:[5, 9, 14, 11, 12, 8, 13, 4, 0, 3, 6, 2, 1, 10, 7]
KMeans Accuracy sequence:[0.22666666666666666, 0.4043333333333333, 0.4513333333333333, 0.4856666666666667, 0.5183333333333333, 0.5953333333333334, 0.6163333333333333, 0.629, 0.6473333333333333, 0.6536666666666666, 0.6556666666666666, 0.6596666666666666, 0.6716666666666666, 0.6693333333333333, 0.6753333333333333, 0.6886666666666666]
KMeans+Unc Selected batch sequence:[0, 5, 9, 11, 13, 1, 2, 4, 14, 6, 7, 8, 3, 10, 12]
KMeans+Unc Accuracy sequence:[0.22666666666666666, 0.44066666666666665, 0.483, 0.5206666666666667, 0.535, 0.5873333333333334, 0.6, 0.6323333333333333, 0.6376666666666667, 0.6376666666666667, 0.6503333333333333, 0.6523333333333333, 0.663, 0.6676666666666666, 0.6836666666666666, 0.6786666666666666]
SubMod Selected batch sequence:[5, 14, 3, 6, 7, 12, 11, 0, 8, 9, 2, 10, 13, 1, 4]
SubMod Accuracy sequence:[0.22666666666666666, 0.386, 0.43166666666666664, 0.488, 0.5096666666666667, 0.5373333333333333, 0.6136666666666667, 0.6356666666666667, 0.6426666666666667, 0.6463333333333333, 0.6596666666666666, 0.6706666666666666, 0.6786666666666666, 0.6853333333333333, 0.6903333333333334, 0.6896666666666667]
Random Selected batch sequence:[14, 10, 8, 11, 1, 3, 7, 9, 13, 6, 2, 12, 4, 5, 0]
Random Accuracy sequence:[0.22666666666666666, 0.3953333333333333, 0.5263333333333333, 0.5733333333333334, 0.5953333333333334, 0.6133333333333333, 0.6276666666666667, 0.63, 0.6423333333333333, 0.645, 0.656, 0.6623333333333333, 0.677, 0.6916666666666667, 0.6943333333333334, 0.6993333333333334]
Entropy Selected batch sequence:[2, 6, 3, 14, 13, 0, 12, 11, 4, 9, 5, 10, 8, 7, 1]
Entropy Accuracy sequence:[0.22666666666666666, 0.49266666666666664, 0.5446666666666666, 0.565, 0.579, 0.603, 0.6073333333333333, 0.6323333333333333, 0.646, 0.6566666666666666, 0.659, 0.667, 0.678, 0.68, 0.687, 0.6926666666666667]
CoreSet Selected batch sequence:[14, 11, 9, 6, 5, 1, 8, 7, 3, 4, 13, 0, 12, 2, 10]
CoreSet Accuracy sequence:[0.22666666666666666, 0.3893333333333333, 0.4686666666666667, 0.49766666666666665, 0.5083333333333333, 0.5123333333333333, 0.5266666666666666, 0.569, 0.5996666666666667, 0.604, 0.609, 0.6093333333333333, 0.6253333333333333, 0.6586666666666666, 0.6536666666666666, 0.6793333333333333]
