KMeans Selected batch sequence:[6, 11, 3, 4, 2, 13, 9, 0, 12, 14, 10, 5, 8, 7, 1]
KMeans Accuracy sequence:[0.608, 0.6716666666666666, 0.723, 0.7626666666666667, 0.7953333333333333, 0.8146666666666667, 0.829, 0.8453333333333334, 0.856, 0.8623333333333333, 0.8643333333333333, 0.8656666666666667, 0.8736666666666667, 0.8756666666666667, 0.8753333333333333, 0.8836666666666667]
KMeans+Unc Selected batch sequence:[11, 6, 2, 8, 4, 0, 3, 9, 13, 10, 14, 12, 5, 7, 1]
KMeans+Unc Accuracy sequence:[0.608, 0.6926666666666667, 0.7436666666666667, 0.7923333333333333, 0.799, 0.8123333333333334, 0.8166666666666667, 0.823, 0.843, 0.8563333333333333, 0.8633333333333333, 0.866, 0.868, 0.8746666666666667, 0.8853333333333333, 0.891]
SubMod Selected batch sequence:[11, 9, 6, 2, 0, 8, 10, 4, 13, 14, 1, 3, 7, 12, 5]
SubMod Accuracy sequence:[0.608, 0.6936666666666667, 0.767, 0.784, 0.8046666666666666, 0.8226666666666667, 0.8233333333333334, 0.8373333333333334, 0.841, 0.857, 0.8606666666666667, 0.8636666666666667, 0.8726666666666667, 0.879, 0.8756666666666667, 0.8853333333333333]
Random Selected batch sequence:[1, 9, 2, 0, 6, 8, 12, 3, 7, 14, 5, 11, 13, 4, 10]
Random Accuracy sequence:[0.608, 0.662, 0.7376666666666667, 0.7873333333333333, 0.8003333333333333, 0.8123333333333334, 0.8143333333333334, 0.8306666666666667, 0.8343333333333334, 0.849, 0.8593333333333333, 0.866, 0.8703333333333333, 0.8773333333333333, 0.8796666666666667, 0.886]
Entropy Selected batch sequence:[6, 3, 9, 13, 2, 4, 0, 1, 10, 12, 5, 11, 7, 8, 14]
Entropy Accuracy sequence:[0.608, 0.6696666666666666, 0.7096666666666667, 0.7366666666666667, 0.7746666666666666, 0.8116666666666666, 0.833, 0.843, 0.8553333333333333, 0.86, 0.8603333333333333, 0.8656666666666667, 0.869, 0.8753333333333333, 0.875, 0.883]
CoreSet Selected batch sequence:[13, 9, 8, 2, 1, 10, 11, 6, 12, 5, 4, 0, 14, 3, 7]
CoreSet Accuracy sequence:[0.608, 0.6706666666666666, 0.7676666666666667, 0.7893333333333333, 0.8043333333333333, 0.8203333333333334, 0.832, 0.837, 0.8406666666666667, 0.8523333333333334, 0.8536666666666667, 0.8616666666666667, 0.8666666666666667, 0.8763333333333333, 0.8796666666666667, 0.883]
