KMeans Selected batch sequence:[11, 6, 2, 4, 13, 3, 9, 0, 1, 10, 14, 12, 5, 7, 8]
KMeans Accuracy sequence:[0.61, 0.7433333333333333, 0.781, 0.8016666666666666, 0.8113333333333334, 0.831, 0.8353333333333334, 0.848, 0.8563333333333333, 0.863, 0.8623333333333333, 0.8723333333333333, 0.874, 0.879, 0.881, 0.883]
KMeans Scores:[1.5337108980188234, 1.1658857054654101, 1.0709938170268605, 0.8978365129731215, 0.8147909194825258, 0.7649904637730298, 0.7104800928590197, 0.6110205197555383, 0.5492012895225327, 0.47701471934519446, 0.4176491447393107, 0.37201554957090355, 0.3476597897226443, 0.33952142102041644, 0.27342267704716955]
KMeans+Unc Selected batch sequence:[11, 2, 0, 6, 4, 5, 3, 10, 14, 13, 9, 1, 7, 12, 8]
KMeans+Unc Accuracy sequence:[0.61, 0.7473333333333333, 0.7706666666666667, 0.7896666666666666, 0.812, 0.8206666666666667, 0.84, 0.8443333333333334, 0.8563333333333333, 0.8596666666666667, 0.8743333333333333, 0.8783333333333333, 0.8863333333333333, 0.8833333333333333, 0.8906666666666667, 0.891]
KMeans+Unc Scores:[1.363968322183822, 0.9827264235404127, 0.8965900449165539, 0.7714273171273524, 0.6860618580342382, 0.5287068751752556, 0.5709583825253914, 0.5918422321747631, 0.446553603686276, 0.47178559512733187, 0.311720798003547, 0.32960551930249965, 0.2797710583407026, 0.27700815876991325, 0.3229411819145236]
SubMod Selected batch sequence:[11, 2, 6, 9, 0, 1, 3, 10, 4, 13, 8, 14, 5, 12, 7]
SubMod Accuracy sequence:[0.61, 0.753, 0.7853333333333333, 0.7983333333333333, 0.824, 0.8303333333333334, 0.8433333333333334, 0.8556666666666667, 0.8573333333333333, 0.8556666666666667, 0.8736666666666667, 0.8706666666666667, 0.8733333333333333, 0.8813333333333333, 0.885, 0.8846666666666667]
SubMod Scores:[1.9728521031571142, 1.4212077947502342, 1.6192538981107814, 1.1375616017599084, 1.0438093978663516, 0.9252185196330204, 0.9241894511648778, 0.8513412571940832, 0.8610711942320828, 0.8416225740487235, 0.6198933027697342, 0.5893289089772362, 0.4465197973793133, 0.4082258164203477, 0.4280761239142349]
Random Selected batch sequence:[11, 5, 4, 8, 3, 1, 2, 6, 14, 10, 0, 9, 7, 12, 13]
Random Accuracy sequence:[0.61, 0.747, 0.7886666666666666, 0.796, 0.817, 0.8193333333333334, 0.8293333333333334, 0.8423333333333334, 0.8446666666666667, 0.852, 0.8593333333333333, 0.867, 0.876, 0.8796666666666667, 0.8803333333333333, 0.885]
Random Scores:[0.8146631121635437, 0.9877389669418335, 0.8322829604148865, 0.9561883211135864, 0.923403799533844, 0.945111095905304, 0.8781163692474365, 0.6211757659912109, 0.9716845154762268, 0.9145829081535339, 0.7838125824928284, 0.808011531829834, 0.9536195397377014, 0.8119944930076599, 0.38857322931289673]
Entropy Selected batch sequence:[6, 3, 9, 13, 2, 4, 0, 12, 1, 5, 10, 8, 14, 11, 7]
Entropy Accuracy sequence:[0.61, 0.679, 0.7273333333333334, 0.7663333333333333, 0.8076666666666666, 0.8296666666666667, 0.839, 0.8456666666666667, 0.854, 0.86, 0.8696666666666667, 0.8716666666666667, 0.8756666666666667, 0.8826666666666667, 0.8793333333333333, 0.8893333333333333]
Entropy Scores:[1.6760231256484985, 1.1857537031173706, 0.8595587611198425, 0.7401317954063416, 0.6577568054199219, 0.5506167411804199, 0.4180632531642914, 0.3301686942577362, 0.3188219964504242, 0.27034083008766174, 0.19346721470355988, 0.176598459482193, 0.16855168342590332, 0.1232338696718216, 0.13437291979789734]
CoreSet Selected batch sequence:[13, 9, 8, 2, 1, 10, 11, 6, 12, 5, 4, 0, 14, 3, 7]
CoreSet Accuracy sequence:[0.61, 0.737, 0.7856666666666666, 0.798, 0.81, 0.824, 0.8393333333333334, 0.8443333333333334, 0.843, 0.8573333333333333, 0.8583333333333333, 0.8623333333333333, 0.871, 0.8726666666666667, 0.88, 0.8863333333333333]
CoreSet Scores:[23.47477082791217, 22.84935526498076, 22.137632040878056, 21.998967668859425, 21.947952612927182, 21.63688406301968, 21.317235884638567, 20.557124586558018, 20.53947058818646, 20.38074607042252, 20.173365045311918, 19.894461471904798, 19.719002343479985, 19.119868646952945, 17.927401207675764]
