KMeans Selected batch sequence:[9, 6, 10, 0, 4, 3, 5, 13, 7, 12, 14, 1, 2, 11, 8]
KMeans Accuracy sequence:[0.31866666666666665, 0.39966666666666667, 0.446, 0.4583333333333333, 0.5006666666666667, 0.508, 0.5376666666666666, 0.548, 0.57, 0.5876666666666667, 0.5896666666666667, 0.595, 0.5986666666666667, 0.6016666666666667, 0.6083333333333333, 0.6146666666666667]
KMeans+Unc Selected batch sequence:[4, 12, 13, 5, 10, 9, 3, 8, 0, 6, 1, 2, 11, 7, 14]
KMeans+Unc Accuracy sequence:[0.31866666666666665, 0.2836666666666667, 0.354, 0.373, 0.44966666666666666, 0.48133333333333334, 0.5016666666666667, 0.5276666666666666, 0.5486666666666666, 0.5676666666666667, 0.5756666666666667, 0.583, 0.596, 0.598, 0.603, 0.6096666666666667]
SubMod Selected batch sequence:[13, 0, 12, 4, 6, 5, 3, 11, 14, 8, 7, 2, 9, 10, 1]
SubMod Accuracy sequence:[0.31866666666666665, 0.37566666666666665, 0.49066666666666664, 0.513, 0.513, 0.529, 0.552, 0.5676666666666667, 0.573, 0.5836666666666667, 0.591, 0.6053333333333333, 0.6053333333333333, 0.6123333333333333, 0.6196666666666667, 0.624]
Random Selected batch sequence:[0, 9, 5, 4, 3, 8, 7, 11, 1, 13, 10, 6, 12, 2, 14]
Random Accuracy sequence:[0.31866666666666665, 0.446, 0.505, 0.5316666666666666, 0.5303333333333333, 0.5656666666666667, 0.5856666666666667, 0.6056666666666667, 0.6093333333333333, 0.616, 0.6203333333333333, 0.6256666666666667, 0.626, 0.633, 0.6393333333333333, 0.6333333333333333]
Entropy Selected batch sequence:[4, 8, 9, 13, 0, 3, 5, 10, 12, 14, 7, 11, 1, 2, 6]
Entropy Accuracy sequence:[0.31866666666666665, 0.2776666666666667, 0.39166666666666666, 0.44166666666666665, 0.486, 0.5383333333333333, 0.5693333333333334, 0.5943333333333334, 0.6016666666666667, 0.6083333333333333, 0.6186666666666667, 0.623, 0.6293333333333333, 0.63, 0.632, 0.632]
CoreSet Selected batch sequence:[8, 9, 13, 3, 0, 5, 4, 12, 6, 7, 14, 2, 1, 10, 11]
CoreSet Accuracy sequence:[0.31866666666666665, 0.39866666666666667, 0.464, 0.5036666666666667, 0.554, 0.585, 0.5993333333333334, 0.5983333333333334, 0.6053333333333333, 0.6176666666666667, 0.624, 0.6306666666666667, 0.6293333333333333, 0.6303333333333333, 0.6366666666666667, 0.6356666666666667]
