KMeans Selected batch sequence:[14, 8, 10, 6, 9, 0, 5, 2, 13, 4, 3, 7, 1, 12, 11]
KMeans Accuracy sequence:[0.15533333333333332, 0.141, 0.17933333333333334, 0.27, 0.33, 0.40066666666666667, 0.47933333333333333, 0.5236666666666666, 0.5716666666666667, 0.6123333333333333, 0.6376666666666667, 0.659, 0.6736666666666666, 0.6876666666666666, 0.6986666666666667, 0.7156666666666667]
KMeans+Unc Selected batch sequence:[8, 0, 1, 6, 10, 13, 5, 7, 4, 2, 3, 14, 9, 12, 11]
KMeans+Unc Accuracy sequence:[0.15533333333333332, 0.14266666666666666, 0.15566666666666668, 0.216, 0.301, 0.392, 0.4623333333333333, 0.5186666666666667, 0.56, 0.5956666666666667, 0.615, 0.6343333333333333, 0.6553333333333333, 0.6686666666666666, 0.6813333333333333, 0.698]
SubMod Selected batch sequence:[10, 1, 8, 6, 9, 0, 5, 13, 2, 3, 7, 4, 12, 14, 11]
SubMod Accuracy sequence:[0.15533333333333332, 0.12866666666666668, 0.18466666666666667, 0.28733333333333333, 0.38133333333333336, 0.467, 0.533, 0.581, 0.6153333333333333, 0.6363333333333333, 0.6613333333333333, 0.6673333333333333, 0.6763333333333333, 0.6816666666666666, 0.6853333333333333, 0.7]
Random Selected batch sequence:[12, 1, 10, 8, 3, 4, 14, 6, 2, 0, 9, 11, 7, 13, 5]
Random Accuracy sequence:[0.15533333333333332, 0.10033333333333333, 0.117, 0.20233333333333334, 0.3606666666666667, 0.4663333333333333, 0.5306666666666666, 0.5773333333333334, 0.6043333333333333, 0.6296666666666667, 0.6513333333333333, 0.663, 0.6786666666666666, 0.6913333333333334, 0.701, 0.7063333333333334]
Entropy Selected batch sequence:[6, 13, 4, 2, 5, 7, 3, 8, 10, 14, 9, 0, 12, 1, 11]
Entropy Accuracy sequence:[0.15533333333333332, 0.09666666666666666, 0.09666666666666666, 0.09666666666666666, 0.09933333333333333, 0.13233333333333333, 0.157, 0.18866666666666668, 0.23666666666666666, 0.36933333333333335, 0.42966666666666664, 0.5086666666666667, 0.558, 0.6, 0.6346666666666667, 0.6553333333333333]
CoreSet Selected batch sequence:[11, 1, 8, 10, 0, 9, 14, 12, 4, 2, 5, 13, 3, 7, 6]
CoreSet Accuracy sequence:[0.15533333333333332, 0.09666666666666666, 0.09666666666666666, 0.15166666666666667, 0.2793333333333333, 0.4086666666666667, 0.5153333333333333, 0.569, 0.619, 0.6523333333333333, 0.668, 0.6836666666666666, 0.6986666666666667, 0.7103333333333334, 0.717, 0.7336666666666667]
