KMeans Selected batch sequence:[6, 10, 14, 11, 9, 5, 7, 8, 13, 1, 2, 0, 12, 4, 3]
KMeans Accuracy sequence:[0.09833333333333333, 0.09833333333333333, 0.181, 0.20133333333333334, 0.23633333333333334, 0.3263333333333333, 0.36966666666666664, 0.4046666666666667, 0.43033333333333335, 0.452, 0.48333333333333334, 0.5333333333333333, 0.575, 0.609, 0.6343333333333333, 0.6573333333333333]
KMeans+Unc Selected batch sequence:[6, 10, 1, 14, 13, 11, 8, 9, 5, 7, 12, 0, 2, 3, 4]
KMeans+Unc Accuracy sequence:[0.09833333333333333, 0.099, 0.176, 0.21566666666666667, 0.245, 0.36733333333333335, 0.4226666666666667, 0.469, 0.49466666666666664, 0.535, 0.5586666666666666, 0.5726666666666667, 0.6043333333333333, 0.6263333333333333, 0.6513333333333333, 0.6773333333333333]
SubMod Selected batch sequence:[6, 1, 2, 8, 13, 14, 5, 9, 11, 7, 0, 3, 4, 12, 10]
SubMod Accuracy sequence:[0.09833333333333333, 0.09866666666666667, 0.11466666666666667, 0.17133333333333334, 0.21433333333333332, 0.335, 0.399, 0.457, 0.49466666666666664, 0.51, 0.539, 0.5833333333333334, 0.6293333333333333, 0.6523333333333333, 0.666, 0.68]
Random Selected batch sequence:[1, 8, 7, 0, 12, 11, 5, 4, 3, 9, 14, 13, 6, 10, 2]
Random Accuracy sequence:[0.09833333333333333, 0.09833333333333333, 0.107, 0.141, 0.24766666666666667, 0.3953333333333333, 0.479, 0.5283333333333333, 0.5593333333333333, 0.599, 0.6343333333333333, 0.656, 0.6713333333333333, 0.6763333333333333, 0.6926666666666667, 0.7053333333333334]
Entropy Selected batch sequence:[11, 6, 7, 8, 13, 10, 1, 0, 12, 9, 14, 5, 2, 3, 4]
Entropy Accuracy sequence:[0.09833333333333333, 0.09833333333333333, 0.09966666666666667, 0.10633333333333334, 0.13366666666666666, 0.14933333333333335, 0.22666666666666666, 0.359, 0.4573333333333333, 0.5303333333333333, 0.564, 0.5893333333333334, 0.6073333333333333, 0.6236666666666667, 0.637, 0.6526666666666666]
CoreSet Selected batch sequence:[2, 12, 3, 0, 10, 1, 4, 14, 5, 9, 8, 13, 7, 6, 11]
CoreSet Accuracy sequence:[0.09833333333333333, 0.09833333333333333, 0.11133333333333334, 0.22233333333333333, 0.3953333333333333, 0.552, 0.604, 0.6306666666666667, 0.647, 0.6596666666666666, 0.6723333333333333, 0.6953333333333334, 0.706, 0.712, 0.7153333333333334, 0.7296666666666667]
