KMeans Selected batch sequence:[12, 7, 8, 14, 0, 1, 2, 11, 6, 9, 3, 10, 4, 5, 13]
KMeans Accuracy sequence:[0.10566666666666667, 0.13833333333333334, 0.185, 0.298, 0.3993333333333333, 0.49633333333333335, 0.5253333333333333, 0.5366666666666666, 0.549, 0.538, 0.5863333333333334, 0.614, 0.6336666666666667, 0.648, 0.663, 0.6703333333333333]
KMeans+Unc Selected batch sequence:[0, 8, 12, 9, 6, 14, 1, 7, 11, 2, 10, 5, 4, 3, 13]
KMeans+Unc Accuracy sequence:[0.10566666666666667, 0.09933333333333333, 0.09966666666666667, 0.239, 0.29133333333333333, 0.387, 0.474, 0.51, 0.5543333333333333, 0.5786666666666667, 0.5906666666666667, 0.6223333333333333, 0.6376666666666667, 0.652, 0.6656666666666666, 0.677]
SubMod Selected batch sequence:[13, 1, 8, 4, 9, 14, 6, 0, 7, 11, 2, 5, 3, 12, 10]
SubMod Accuracy sequence:[0.10566666666666667, 0.09933333333333333, 0.09966666666666667, 0.18333333333333332, 0.3383333333333333, 0.46, 0.57, 0.6116666666666667, 0.631, 0.6486666666666666, 0.653, 0.6666666666666666, 0.6786666666666666, 0.697, 0.7113333333333334, 0.708]
Random Selected batch sequence:[0, 4, 3, 5, 2, 8, 13, 14, 6, 9, 1, 10, 12, 7, 11]
Random Accuracy sequence:[0.10566666666666667, 0.09933333333333333, 0.10233333333333333, 0.15066666666666667, 0.241, 0.36333333333333334, 0.48633333333333334, 0.572, 0.628, 0.6366666666666667, 0.6803333333333333, 0.704, 0.7036666666666667, 0.7113333333333334, 0.7306666666666667, 0.742]
Entropy Selected batch sequence:[0, 1, 2, 7, 11, 14, 6, 12, 8, 9, 3, 10, 4, 5, 13]
Entropy Accuracy sequence:[0.10566666666666667, 0.09933333333333333, 0.09933333333333333, 0.09933333333333333, 0.10433333333333333, 0.13333333333333333, 0.16766666666666666, 0.22866666666666666, 0.29533333333333334, 0.44, 0.504, 0.5423333333333333, 0.5743333333333334, 0.6146666666666667, 0.6386666666666667, 0.6543333333333333]
CoreSet Selected batch sequence:[8, 9, 4, 3, 12, 10, 5, 13, 11, 6, 14, 7, 0, 1, 2]
CoreSet Accuracy sequence:[0.10566666666666667, 0.10066666666666667, 0.22133333333333333, 0.24233333333333335, 0.3526666666666667, 0.459, 0.6113333333333333, 0.65, 0.6573333333333333, 0.6686666666666666, 0.6763333333333333, 0.6846666666666666, 0.7033333333333334, 0.7156666666666667, 0.7303333333333333, 0.743]
