KMeans Selected batch sequence:[13, 7, 9, 6, 2, 11, 10, 8, 3, 1, 0, 14, 5, 4, 12]
KMeans Accuracy sequence:[0.306, 0.43266666666666664, 0.45666666666666667, 0.5063333333333333, 0.5226666666666666, 0.5383333333333333, 0.5476666666666666, 0.5646666666666667, 0.5816666666666667, 0.592, 0.5966666666666667, 0.6066666666666667, 0.6136666666666667, 0.6213333333333333, 0.6256666666666667, 0.6336666666666667]
KMeans+Unc Selected batch sequence:[4, 7, 13, 0, 1, 14, 6, 8, 11, 10, 12, 9, 3, 2, 5]
KMeans+Unc Accuracy sequence:[0.306, 0.2833333333333333, 0.35633333333333334, 0.424, 0.491, 0.5273333333333333, 0.544, 0.555, 0.566, 0.5773333333333334, 0.5886666666666667, 0.5983333333333334, 0.6103333333333333, 0.6136666666666667, 0.6233333333333333, 0.6283333333333333]
SubMod Selected batch sequence:[8, 12, 0, 4, 6, 7, 2, 1, 11, 9, 14, 3, 10, 13, 5]
SubMod Accuracy sequence:[0.306, 0.424, 0.49666666666666665, 0.551, 0.5543333333333333, 0.5766666666666667, 0.584, 0.5943333333333334, 0.602, 0.6086666666666667, 0.612, 0.6156666666666667, 0.622, 0.6276666666666667, 0.6326666666666667, 0.6353333333333333]
Random Selected batch sequence:[6, 3, 2, 8, 5, 13, 0, 14, 1, 12, 7, 10, 11, 4, 9]
Random Accuracy sequence:[0.306, 0.3586666666666667, 0.43466666666666665, 0.48533333333333334, 0.5243333333333333, 0.5413333333333333, 0.546, 0.5736666666666667, 0.5813333333333334, 0.594, 0.603, 0.6153333333333333, 0.622, 0.6273333333333333, 0.6286666666666667, 0.6383333333333333]
Entropy Selected batch sequence:[5, 6, 7, 14, 2, 11, 4, 1, 10, 0, 3, 13, 12, 8, 9]
Entropy Accuracy sequence:[0.306, 0.344, 0.368, 0.38, 0.38666666666666666, 0.40066666666666667, 0.42433333333333334, 0.436, 0.4723333333333333, 0.49066666666666664, 0.5203333333333333, 0.5403333333333333, 0.5573333333333333, 0.5693333333333334, 0.58, 0.5906666666666667]
CoreSet Selected batch sequence:[3, 9, 13, 12, 0, 8, 1, 10, 6, 5, 11, 14, 7, 4, 2]
CoreSet Accuracy sequence:[0.306, 0.45266666666666666, 0.508, 0.557, 0.578, 0.597, 0.611, 0.6216666666666667, 0.6326666666666667, 0.6346666666666667, 0.6406666666666667, 0.64, 0.6466666666666666, 0.648, 0.653, 0.6496666666666666]
