KMeans Selected batch sequence:[11, 6, 3, 4, 2, 13, 9, 0, 12, 14, 10, 8, 5, 1, 7]
KMeans Accuracy sequence:[0.6163333333333333, 0.715, 0.7616666666666667, 0.779, 0.8053333333333333, 0.8253333333333334, 0.8396666666666667, 0.853, 0.858, 0.8683333333333333, 0.8663333333333333, 0.8696666666666667, 0.8723333333333333, 0.881, 0.8893333333333333, 0.8866666666666667]
KMeans Scores:[1.5983020415784877, 1.127503864431713, 0.9877134606140908, 0.9638646921939031, 0.8935088703222887, 0.7667213481884289, 0.6507898260757182, 0.6175546237289695, 0.45540663345929977, 0.4272326618414346, 0.40008770162884083, 0.39712738166793676, 0.34174793404899034, 0.30321821039135705, 0.2839143671730388]
KMeans+Unc Selected batch sequence:[11, 4, 6, 2, 3, 9, 0, 13, 10, 8, 5, 14, 12, 1, 7]
KMeans+Unc Accuracy sequence:[0.6163333333333333, 0.687, 0.7623333333333333, 0.7893333333333333, 0.8086666666666666, 0.817, 0.8393333333333334, 0.844, 0.8593333333333333, 0.8653333333333333, 0.871, 0.873, 0.882, 0.8843333333333333, 0.886, 0.8866666666666667]
KMeans+Unc Scores:[1.4250631980038029, 1.0376650933337452, 1.1871564861071688, 0.8436354525683019, 0.6602438364612578, 0.6382203186764489, 0.61622812968587, 0.5538169449241968, 0.37374491874918875, 0.41745448432869275, 0.3369105480826945, 0.33036602809553484, 0.2644576644561249, 0.2269124262206413, 0.23583872730439187]
SubMod Selected batch sequence:[11, 9, 2, 6, 0, 8, 10, 4, 13, 14, 1, 3, 12, 5, 7]
SubMod Accuracy sequence:[0.6163333333333333, 0.7013333333333334, 0.7803333333333333, 0.8096666666666666, 0.8173333333333334, 0.8263333333333334, 0.831, 0.845, 0.8536666666666667, 0.859, 0.858, 0.868, 0.8756666666666667, 0.8746666666666667, 0.8853333333333333, 0.8863333333333333]
SubMod Scores:[2.131651659054827, 1.5310812870475998, 1.4552353171035992, 1.6788302035645544, 0.9984324131038388, 0.8919361098377022, 0.870175767515406, 0.8515870260048954, 0.7211211306127608, 0.6378452049636314, 0.5734851805067991, 0.5711651237677932, 0.4640136296982825, 0.4545708852847117, 0.3355018377301585]
Random Selected batch sequence:[0, 2, 3, 8, 11, 14, 9, 1, 4, 13, 12, 6, 7, 10, 5]
Random Accuracy sequence:[0.6163333333333333, 0.657, 0.7256666666666667, 0.773, 0.799, 0.8086666666666666, 0.8173333333333334, 0.8386666666666667, 0.8563333333333333, 0.856, 0.867, 0.869, 0.8693333333333333, 0.8706666666666667, 0.878, 0.883]
Random Scores:[0.9407075643539429, 0.94339919090271, 0.6995343565940857, 0.983660101890564, 0.9225358963012695, 0.8798566460609436, 0.7692334055900574, 0.9194174408912659, 0.7931382060050964, 0.8584222197532654, 0.9094468355178833, 0.9510282278060913, 0.5953786373138428, 0.8205570578575134, 0.6319665312767029]
Entropy Selected batch sequence:[6, 9, 3, 13, 2, 4, 0, 10, 5, 1, 12, 11, 14, 7, 8]
Entropy Accuracy sequence:[0.6163333333333333, 0.6716666666666666, 0.7346666666666667, 0.7533333333333333, 0.8033333333333333, 0.8283333333333334, 0.8406666666666667, 0.8483333333333334, 0.8536666666666667, 0.8663333333333333, 0.8703333333333333, 0.8716666666666667, 0.874, 0.8796666666666667, 0.8853333333333333, 0.8843333333333333]
Entropy Scores:[1.5231901407241821, 1.0405423641204834, 0.8849321603775024, 0.7116290330886841, 0.6256422400474548, 0.47122278809547424, 0.39281967282295227, 0.3284721374511719, 0.3206544518470764, 0.2900177240371704, 0.22826161980628967, 0.20326831936836243, 0.16825400292873383, 0.1112041249871254, 0.11602242290973663]
CoreSet Selected batch sequence:[13, 9, 8, 2, 1, 10, 11, 6, 12, 5, 4, 0, 14, 3, 7]
CoreSet Accuracy sequence:[0.6163333333333333, 0.713, 0.771, 0.786, 0.8113333333333334, 0.819, 0.8336666666666667, 0.8403333333333334, 0.8433333333333334, 0.854, 0.8616666666666667, 0.8646666666666667, 0.872, 0.8736666666666667, 0.8803333333333333, 0.8813333333333333]
CoreSet Scores:[23.47477082791217, 22.84935526498076, 22.137632040878056, 21.998967668859425, 21.947952612927182, 21.63688406301968, 21.317235884638567, 20.557124586558018, 20.53947058818646, 20.38074607042252, 20.173365045311918, 19.894461471904798, 19.719002343479985, 19.119868646952945, 17.927401207675764]
