KMeans Selected batch sequence:[11, 1, 12, 9, 8, 14, 4, 0, 6, 2, 10, 13, 5, 7, 3]
KMeans Accuracy sequence:[0.3273333333333333, 0.35933333333333334, 0.392, 0.412, 0.436, 0.4716666666666667, 0.49366666666666664, 0.522, 0.5506666666666666, 0.5463333333333333, 0.5646666666666667, 0.5766666666666667, 0.5896666666666667, 0.611, 0.6133333333333333, 0.6283333333333333]
KMeans+Unc Selected batch sequence:[12, 1, 11, 10, 6, 9, 5, 0, 2, 4, 7, 3, 14, 13, 8]
KMeans+Unc Accuracy sequence:[0.3273333333333333, 0.35933333333333334, 0.4003333333333333, 0.404, 0.44466666666666665, 0.43033333333333335, 0.44533333333333336, 0.495, 0.5256666666666666, 0.556, 0.5726666666666667, 0.5866666666666667, 0.6033333333333334, 0.612, 0.6206666666666667, 0.6333333333333333]
SubMod Selected batch sequence:[2, 11, 1, 9, 8, 12, 5, 4, 3, 13, 0, 6, 7, 14, 10]
SubMod Accuracy sequence:[0.3273333333333333, 0.447, 0.4826666666666667, 0.5, 0.5096666666666667, 0.5366666666666666, 0.5483333333333333, 0.567, 0.586, 0.601, 0.6086666666666667, 0.62, 0.617, 0.6313333333333333, 0.632, 0.6436666666666667]
Random Selected batch sequence:[6, 9, 3, 10, 8, 4, 7, 11, 1, 12, 13, 14, 2, 0, 5]
Random Accuracy sequence:[0.3273333333333333, 0.25466666666666665, 0.30333333333333334, 0.4076666666666667, 0.4726666666666667, 0.5266666666666666, 0.56, 0.5756666666666667, 0.5916666666666667, 0.5993333333333334, 0.606, 0.6156666666666667, 0.6223333333333333, 0.633, 0.6433333333333333, 0.6466666666666666]
Entropy Selected batch sequence:[1, 9, 11, 12, 6, 3, 14, 4, 13, 0, 10, 8, 7, 2, 5]
Entropy Accuracy sequence:[0.3273333333333333, 0.37166666666666665, 0.407, 0.4063333333333333, 0.416, 0.336, 0.411, 0.45266666666666666, 0.4886666666666667, 0.515, 0.5446666666666666, 0.572, 0.595, 0.6046666666666667, 0.6186666666666667, 0.6296666666666667]
CoreSet Selected batch sequence:[10, 6, 0, 2, 8, 4, 14, 5, 3, 13, 7, 12, 11, 1, 9]
CoreSet Accuracy sequence:[0.3273333333333333, 0.422, 0.427, 0.5083333333333333, 0.5513333333333333, 0.5803333333333334, 0.596, 0.609, 0.6173333333333333, 0.6303333333333333, 0.642, 0.65, 0.6466666666666666, 0.65, 0.6563333333333333, 0.6666666666666666]
