KMeans Selected batch sequence:[6, 10, 13, 2, 5, 4, 12, 11, 1, 3, 0, 14, 9, 8, 7]
KMeans Accuracy sequence:[0.104, 0.11233333333333333, 0.16366666666666665, 0.207, 0.28, 0.33466666666666667, 0.33566666666666667, 0.3476666666666667, 0.35133333333333333, 0.36233333333333334, 0.378, 0.398, 0.48933333333333334, 0.577, 0.632, 0.668]
KMeans+Unc Selected batch sequence:[14, 12, 10, 2, 4, 1, 5, 0, 3, 13, 11, 6, 9, 7, 8]
KMeans+Unc Accuracy sequence:[0.104, 0.10533333333333333, 0.17166666666666666, 0.2866666666666667, 0.365, 0.44366666666666665, 0.5133333333333333, 0.5623333333333334, 0.602, 0.6213333333333333, 0.6426666666666667, 0.648, 0.6733333333333333, 0.6933333333333334, 0.7166666666666667, 0.728]
SubMod Selected batch sequence:[6, 10, 14, 13, 4, 12, 5, 11, 2, 3, 1, 0, 8, 9, 7]
SubMod Accuracy sequence:[0.104, 0.11033333333333334, 0.161, 0.20933333333333334, 0.282, 0.38366666666666666, 0.47733333333333333, 0.5473333333333333, 0.537, 0.584, 0.6296666666666667, 0.6556666666666666, 0.6743333333333333, 0.7043333333333334, 0.7106666666666667, 0.72]
Random Selected batch sequence:[13, 11, 1, 3, 7, 9, 4, 8, 14, 5, 2, 6, 10, 0, 12]
Random Accuracy sequence:[0.104, 0.09766666666666667, 0.09766666666666667, 0.10733333333333334, 0.13666666666666666, 0.18266666666666667, 0.2976666666666667, 0.366, 0.4023333333333333, 0.4603333333333333, 0.49766666666666665, 0.5326666666666666, 0.5646666666666667, 0.6123333333333333, 0.6366666666666667, 0.6606666666666666]
Entropy Selected batch sequence:[13, 3, 11, 2, 4, 6, 5, 0, 1, 12, 14, 10, 9, 8, 7]
Entropy Accuracy sequence:[0.104, 0.09766666666666667, 0.09766666666666667, 0.098, 0.12766666666666668, 0.15666666666666668, 0.20466666666666666, 0.23566666666666666, 0.25333333333333335, 0.261, 0.2816666666666667, 0.375, 0.4196666666666667, 0.46066666666666667, 0.5113333333333333, 0.5616666666666666]
CoreSet Selected batch sequence:[14, 7, 8, 9, 10, 4, 13, 0, 12, 11, 6, 5, 1, 3, 2]
CoreSet Accuracy sequence:[0.104, 0.116, 0.133, 0.19566666666666666, 0.3396666666666667, 0.467, 0.5486666666666666, 0.6046666666666667, 0.6416666666666667, 0.651, 0.668, 0.6896666666666667, 0.709, 0.72, 0.726, 0.7306666666666667]
