times: [13.469650030136108, 12.929134607315063, 14.502851247787476, 15.612504720687866, 12.403176307678223]
memory: [331352, 329996, 331012, 324924, 333204]
precision: [0.3547054962301722, 0.6307044664784254, 0.4884469749379168, 0.5286942827590347, 0.4781325331765055]
times: [3.2789969444274902, 3.1190128326416016, 3.835310697555542, 3.0252461433410645, 2.902740955352783]
memory: [587396, 587924, 584656, 587980, 587688]
precision: [-0.060017777027328315, 0.954775186954018, 0.5657083989882478, 0.513417096230209, -0.7832064416721398]
times: [2.949208974838257, 4.115877866744995, 3.012871026992798, 2.920687437057495, 3.2046144008636475]
memory: [585180, 588088, 584732, 584912, 584588]
precision: [-0.016622213752051855, 0.9986113898141755, 0.6093756627307476, 0.5570616542398569, -0.7401248986594099]
times: [12.21337080001831, 12.185575723648071, 16.744592666625977, 15.041327476501465, 14.865180253982544]
memory: [330736, 329872, 329512, 334460, 326620]
precision: [0.37393785572549404, 0.42874075263206857, 0.26003755279071, 0.6007062122495241, 0.46615830569716094]
times: [15.688191175460815, 13.006877183914185, 14.653849840164185, 17.03529405593872, 12.75049614906311]
memory: [331244, 335880, 335828, 330428, 333740]
precision: [0.4173334190007705, 0.38490454977191096, 0.5220411352457479, 0.5570616542398569, 0.3369136766589521]
comm: [153131416.0, 153131416.0, 153131416.0, 153131416.0, 153131416.0]
times: [27.95595693588257, 31.471919298171997, 27.561386108398438, 34.803282260894775, 32.62977170944214]
memory: [336432, 334192, 330904, 330368, 332888]
precision: [0.4173334190007705, 0.6040855640727183, 0.4347066077607482, 0.38248342220126524, 0.37999521967170113]
comm: [0.0, 0.0, 0.0, 0.0, 0.0]
