times: [5.510412693023682, 5.0826945304870605, 5.137394905090332, 4.932100296020508, 4.9197399616241455]
memory: [272256, 274856, 271328, 273392, 275644]
precision: [0.38140903956275013, 0.4996578805198937, 0.6746047965353592, 0.48407621769407433, 0.7306692704661474]
times: [3.6456828117370605, 3.813580274581909, 3.612154483795166, 4.010391712188721, 3.84639835357666]
memory: [571740, 571060, 571028, 570456, 565736]
precision: [0.6129739141322522, 0.4704311795980053, 0.4640072261475327, 0.3768746644726675, 0.5769230016345119]
times: [3.641756772994995, 3.659998893737793, 3.6165812015533447, 3.9051644802093506, 4.021472215652466]
memory: [564996, 572396, 568832, 572828, 563948]
precision: [0.3529920693928826, 0.42678633547133854, 0.37754938860352544, 0.3768746644726675, 0.6205951349396024]
times: [3.796603202819824, 3.7085423469543457, 3.568985939025879, 3.7650325298309326, 3.7378673553466797]
memory: [570476, 573680, 570888, 569244, 567428]
precision: [0.2663314544797722, 0.601365711978025, 0.5504650636915592, 0.3337389211703634, 0.5332508683294214]
times: [2.260953426361084, 2.4026153087615967, 2.0033297538757324, 1.9407250881195068, 2.0181641578674316]
memory: [241916, 242224, 241260, 237524, 237572]
precision: [0.569643606675697, 0.5577208678513389, 0.42077830737552907, 0.5062922308111545, 0.48957873502433086]
times: [2.051537036895752, 2.1611475944519043, 2.0504188537597656, 2.0831196308135986, 2.180407762527466]
memory: [242756, 243688, 243336, 236688, 241744]
precision: [0.39632237684943783, 0.42678633547133854, 0.5072361449195556, 0.5062922308111545, 0.48957873502433086]
comm: [71220280.0, 71220280.0, 71220280.0, 71220280.0, 71220280.0]
times: [4.483382940292358, 4.825890779495239, 4.675407886505127, 4.586181640625, 4.60347580909729]
memory: [579064, 580644, 579788, 581268, 580520]
precision: [0.4829829917625674, 0.601365711978025, 0.5504650636915592, 0.42001040777499066, 0.48957873502433086]
comm: [0.0, 0.0, 0.0, 0.0, 0.0]
times: [3.024134874343872, 2.5194194316864014, 2.898231267929077, 2.7713491916656494, 3.122225522994995]
memory: [246552, 247672, 245276, 246892, 245008]
precision: [0.4829829917625674, 0.4704311795980053, 0.37754938860352544, 0.20434199664133051, 0.27121806849883956]
comm: [0.0, 0.0, 0.0, 0.0, 0.0]
